Routes:67290,Airports found:132920,Airports not found:1660
1;5;5
2;8;8
3;10;12
4;11;11
5;52;50
6;6;6
7;5;5
8;9;9
9;8;8
10;2;2
11;1;1
12;1;1
13;0;0
14;0;0
15;1;1
16;45;46
17;0;0
18;5;5
19;0;0
20;0;0
21;4;4
22;0;0
23;0;0
24;3;3
25;0;0
26;0;0
27;6;6
28;4;4
29;6;6
30;6;6
31;1;1
32;6;6
33;2;2
34;2;2
35;0;0
36;2;2
37;5;5
38;0;0
39;0;0
40;4;4
41;6;5
42;0;0
43;0;0
44;0;0
45;7;8
46;0;0
47;0;0
48;2;2
49;68;71
50;7;7
51;0;0
52;0;0
53;0;0
54;8;8
55;18;18
56;4;4
57;0;0
58;4;5
59;0;0
60;2;2
61;1;1
62;3;3
63;2;2
64;0;0
65;3;3
66;0;0
67;4;3
68;3;3
69;4;5
70;4;4
71;4;4
72;3;3
73;43;52
74;0;0
75;3;3
76;0;0
77;1;1
78;5;5
79;3;3
80;5;5
81;0;0
82;0;0
83;0;0
84;0;0
85;1;1
86;0;0
87;15;15
88;0;0
89;0;0
90;12;13
91;3;3
92;0;0
93;0;0
94;6;6
95;0;0
96;0;0
97;0;0
98;0;0
99;2;2
100;45;44
101;0;0
102;0;0
103;0;0
104;0;0
105;1;1
106;2;2
107;0;0
108;2;2
109;2;2
110;0;0
111;28;29
112;3;3
113;3;3
114;0;0
115;3;3
116;1;1
117;10;10
119;7;7
120;16;17
121;13;14
122;4;4
123;0;0
124;0;0
125;3;3
126;2;2
127;4;4
128;2;2
129;0;0
130;0;0
131;0;0
132;25;23
133;6;5
134;0;0
135;3;3
136;4;4
137;0;0
138;0;0
139;2;2
140;3;3
141;6;7
142;0;0
143;5;6
144;14;14
145;1;1
146;185;186
147;3;5
148;4;4
149;5;5
150;0;0
151;0;0
152;2;2
153;7;7
154;10;9
155;6;6
156;158;157
157;0;0
158;0;0
159;0;0
160;41;40
161;16;15
162;5;5
163;0;0
164;4;4
165;0;0
166;15;15
167;1;1
168;6;6
169;18;16
170;4;4
171;0;0
172;10;10
173;5;5
174;6;6
175;2;2
176;5;5
177;2;2
178;115;113
179;4;4
180;3;3
181;1;1
182;4;4
183;4;4
184;13;13
185;0;0
186;0;0
187;8;8
188;15;15
189;22;21
190;2;1
191;0;0
192;8;8
193;319;317
194;0;0
195;0;0
196;30;28
197;0;0
198;1;1
199;1;1
200;2;2
201;0;0
202;22;22
203;0;0
204;0;0
205;0;0
206;1;1
207;0;0
208;0;0
209;6;6
210;88;88
211;2;1
212;0;0
213;0;0
214;0;0
215;0;0
216;4;4
217;0;0
218;0;0
219;0;0
220;9;9
221;16;16
222;1;1
224;2;2
225;1;2
226;0;0
227;0;0
228;0;0
229;0;0
230;6;6
231;34;34
232;0;0
233;2;1
234;6;5
235;4;4
236;2;2
237;4;4
238;6;6
239;2;3
240;1;1
241;0;0
242;0;0
243;5;6
244;2;2
245;41;39
246;33;33
247;2;2
248;54;53
249;3;3
250;0;0
251;1;1
252;2;2
253;50;52
254;0;0
255;0;0
256;0;0
257;0;0
258;0;0
259;0;0
260;30;30
261;0;0
262;2;2
263;2;2
264;3;3
265;0;0
266;1;1
267;1;1
268;1;1
269;1;1
270;7;7
271;0;0
272;0;0
273;60;59
274;0;0
275;8;8
276;1;1
277;1;1
278;0;0
279;0;0
280;17;17
281;0;0
282;0;0
283;0;0
284;0;0
285;0;0
286;15;16
287;87;88
288;0;0
289;0;0
290;2;1
291;2;2
292;0;0
293;37;36
294;0;0
295;10;10
296;2;4
297;0;0
298;20;21
299;2;2
300;0;0
301;0;0
302;315;315
303;0;0
304;84;84
305;0;0
306;0;0
307;0;0
308;0;0
309;9;8
310;1;1
311;0;0
312;0;0
313;0;0
314;0;0
315;0;0
316;0;0
317;0;0
318;0;0
319;0;0
320;0;0
322;0;0
323;0;0
324;0;0
325;0;0
326;0;0
327;0;0
328;0;0
329;0;0
330;0;0
331;0;0
332;0;0
333;0;0
334;0;0
335;0;0
336;0;0
337;83;82
338;22;22
339;6;6
340;497;493
341;11;11
342;161;160
343;0;0
344;134;131
345;285;285
346;368;360
347;48;47
348;40;39
349;9;9
350;137;136
351;208;210
352;76;76
353;50;50
354;0;0
355;47;47
356;1;1
357;0;0
358;0;0
359;0;0
360;0;0
361;0;0
362;1;1
363;0;0
364;4;4
365;0;0
366;0;0
367;0;0
368;0;0
369;0;0
370;0;0
371;11;11
372;0;0
373;33;34
374;1;1
375;0;0
376;0;0
377;0;0
378;0;0
379;0;0
380;0;0
381;0;0
382;13;13
383;0;0
384;0;0
385;0;0
386;0;0
387;0;0
388;0;0
389;0;0
390;0;0
391;0;0
392;0;0
393;5;6
394;0;0
395;0;0
396;0;0
397;0;0
398;0;0
399;0;0
400;2;2
401;0;0
402;0;0
403;0;0
404;0;0
405;0;0
406;0;0
407;0;0
408;0;0
409;0;0
410;8;8
411;0;0
412;0;0
413;1;1
414;0;0
415;38;38
416;2;2
417;0;0
418;0;0
419;0;0
420;0;0
421;159;161
422;0;0
423;0;0
424;0;0
425;0;0
426;0;0
427;0;0
428;2;1
429;1;1
430;3;2
431;0;0
432;2;3
433;2;2
434;0;0
435;3;3
436;0;0
437;1;1
438;2;2
439;1;1
440;0;0
441;3;3
442;4;4
443;0;0
444;0;0
445;0;0
446;4;4
447;0;0
448;3;3
449;0;0
450;0;0
451;0;0
452;0;0
453;2;2
454;0;0
455;2;2
456;0;0
457;0;0
458;12;12
459;0;0
460;8;8
461;0;0
462;5;5
463;0;0
464;0;0
465;31;31
466;0;0
467;21;21
468;5;5
469;116;115
470;0;0
471;0;0
472;1;1
474;0;0
475;0;0
476;0;0
477;0;0
478;281;277
479;0;0
480;0;0
481;4;4
482;0;0
483;0;0
484;0;0
485;0;0
486;0;0
487;0;0
488;31;30
489;0;0
490;91;91
491;58;58
492;108;106
493;0;0
494;19;19
495;33;33
496;0;0
497;2;2
498;18;18
499;38;38
500;0;0
501;0;0
502;326;322
503;62;66
504;0;0
505;0;0
506;0;0
507;527;524
508;14;14
509;0;0
510;0;0
511;0;0
512;0;0
513;0;0
514;9;9
515;5;5
516;0;0
517;80;80
518;0;0
519;2;2
520;11;11
521;73;72
522;3;3
523;85;86
524;0;0
525;0;0
526;0;0
528;0;0
529;11;11
530;5;5
531;2;2
532;41;41
533;11;10
534;89;84
535;119;118
536;1;1
537;21;21
538;2;2
539;0;0
540;1;1
541;5;5
542;1;1
543;0;0
544;0;0
545;0;0
546;0;0
547;10;10
548;170;168
549;0;0
550;0;0
551;0;0
552;22;21
553;0;0
554;0;0
555;0;0
556;0;0
557;0;0
558;0;0
559;0;0
560;0;0
561;0;0
562;0;0
563;0;0
564;0;0
565;0;0
566;0;0
567;0;0
568;0;0
569;0;0
570;0;0
571;0;0
572;0;0
573;0;0
574;0;0
575;0;0
576;0;0
577;0;0
578;0;0
579;1;1
580;453;450
581;0;0
582;10;9
583;0;0
584;0;0
585;68;67
586;6;7
587;0;0
588;0;0
589;0;0
590;0;0
591;33;33
592;0;0
593;0;0
594;0;0
595;0;0
596;34;34
597;0;0
599;207;207
600;15;15
601;6;6
602;0;0
603;29;29
604;0;0
605;2;2
607;8;8
608;47;47
609;229;227
610;2;2
611;0;0
612;1;1
613;0;0
614;0;0
615;0;0
616;0;0
617;0;0
618;1;1
619;1;1
621;0;0
622;0;0
623;0;0
624;0;0
625;4;4
626;0;0
627;0;0
628;20;21
629;70;70
630;13;13
631;3;4
632;10;10
633;0;0
634;5;5
635;18;17
636;69;68
637;5;3
638;11;11
639;0;0
640;1;1
641;9;9
642;1;1
643;5;4
644;180;183
645;12;12
646;2;2
647;7;8
648;0;0
649;7;6
650;0;0
651;7;7
652;5;4
653;1;3
654;0;0
655;1;1
656;1;1
657;37;37
658;3;3
659;1;1
660;3;3
662;4;5
663;26;26
664;37;37
665;44;42
666;54;52
667;0;0
668;51;50
669;57;57
670;0;0
671;28;28
673;0;0
674;21;21
675;11;11
676;7;7
677;0;0
678;0;0
679;120;120
680;33;33
681;0;0
682;0;0
683;0;0
684;0;0
685;3;3
686;0;0
687;52;54
688;2;2
689;0;0
690;0;0
691;21;21
692;0;0
693;1;1
694;0;0
695;0;0
696;0;0
697;0;0
698;2;2
699;31;31
700;0;0
701;0;0
702;0;0
703;1;1
704;0;0
705;0;0
706;0;0
707;3;3
708;16;16
709;6;4
710;0;0
711;7;8
712;0;0
713;0;0
714;2;2
715;6;6
716;0;0
717;0;0
718;4;4
719;4;4
720;0;0
721;5;5
722;1;1
723;0;0
724;3;3
725;0;0
726;3;3
727;0;0
728;8;8
729;4;4
730;2;2
731;2;2
733;3;3
734;6;6
735;0;0
736;0;0
737;220;220
738;27;27
739;2;2
740;0;0
741;0;0
742;2;2
743;2;2
745;0;0
746;8;8
748;0;0
750;0;0
751;0;0
753;0;0
754;0;0
755;0;0
756;0;0
757;0;0
758;0;0
759;0;0
760;0;0
761;0;0
762;0;0
763;0;0
764;0;0
765;0;0
766;0;0
767;0;0
768;0;0
769;0;0
770;0;0
771;0;0
772;5;5
773;0;0
774;0;0
775;0;0
777;0;0
778;0;0
779;0;0
780;0;0
781;0;0
782;0;0
783;0;0
784;0;0
785;0;0
786;0;0
787;0;0
788;0;0
789;0;0
790;0;0
791;0;0
792;0;0
793;0;0
794;4;4
795;0;0
796;0;0
797;44;42
798;0;0
799;21;21
800;5;5
801;0;0
802;0;0
803;0;0
804;5;5
806;0;0
807;0;0
808;0;0
809;0;0
810;0;0
811;2;2
812;0;0
813;159;162
814;0;0
815;2;2
816;0;0
817;0;0
818;0;0
819;0;0
820;4;4
821;0;0
822;0;0
823;0;0
824;0;0
825;0;0
827;1;1
828;0;0
829;0;0
831;0;0
832;0;0
833;0;0
834;0;0
835;0;0
836;0;0
837;0;0
838;9;9
839;0;0
840;1;1
841;0;0
842;0;0
843;1;1
844;0;0
845;1;1
846;0;0
847;0;0
848;0;0
849;1;1
850;0;0
851;0;0
852;0;0
853;0;0
854;0;0
855;0;0
856;0;0
857;0;0
858;0;0
859;0;0
860;0;0
861;0;0
862;0;0
863;0;0
864;0;0
865;2;2
866;1;1
867;0;0
868;0;0
869;0;0
870;0;0
871;0;0
872;0;0
873;0;0
874;0;0
875;0;0
876;0;0
877;2;2
878;0;0
879;4;4
880;7;7
881;9;9
882;0;0
883;25;26
884;0;0
885;0;0
886;18;18
887;1;1
888;3;3
889;0;0
890;2;2
891;14;14
892;0;0
893;41;40
894;1;1
895;0;0
896;0;0
897;51;47
898;1;1
899;0;0
900;1;1
901;2;2
902;0;0
903;0;0
904;0;0
905;0;0
906;7;7
907;34;33
908;1;1
909;0;0
910;10;10
911;0;0
912;10;10
913;0;0
914;0;0
915;15;15
916;19;21
917;3;3
918;27;27
919;0;0
920;3;3
921;7;6
922;2;2
923;5;5
924;1;1
925;0;0
926;0;0
927;3;3
928;0;0
929;3;3
930;4;4
931;0;0
932;4;4
933;3;3
934;0;0
935;0;0
936;0;0
937;2;2
938;0;0
939;0;0
940;0;0
941;0;0
942;0;0
943;3;3
944;1;1
945;0;0
946;3;2
948;3;3
949;2;2
950;0;0
951;46;46
952;2;2
953;3;3
955;0;0
956;0;0
957;2;2
958;3;3
959;3;3
960;1;1
961;0;0
962;0;0
963;0;0
964;0;0
965;0;0
966;0;0
967;1;1
968;0;0
969;0;0
970;24;24
971;0;0
972;0;0
973;3;4
974;7;7
976;3;3
977;2;2
978;0;0
979;17;17
980;0;0
981;0;0
982;0;0
983;0;0
984;9;9
985;8;8
986;3;3
987;0;0
988;7;7
989;0;0
990;4;4
991;0;0
992;0;0
993;0;0
994;13;13
995;1;1
996;0;0
997;0;0
998;0;0
999;9;10
1000;0;0
1001;4;4
1002;0;0
1003;0;0
1004;7;7
1005;26;31
1006;0;0
1007;0;0
1008;0;0
1009;0;0
1010;0;0
1011;0;0
1012;0;0
1013;5;5
1014;0;0
1015;0;0
1016;12;13
1017;0;0
1018;1;1
1019;0;0
1020;27;28
1021;0;0
1022;0;0
1023;0;0
1024;0;0
1025;0;0
1026;2;3
1027;0;0
1028;1;1
1029;0;0
1030;0;0
1031;2;3
1032;1;1
1033;3;1
1034;0;0
1035;2;2
1036;3;3
1037;2;2
1038;10;10
1039;0;0
1040;0;1
1041;0;0
1042;3;3
1043;2;2
1044;28;27
1045;0;0
1046;0;0
1047;0;0
1048;0;0
1049;0;0
1050;13;13
1051;90;88
1052;3;3
1053;8;8
1054;147;148
1055;101;103
1056;142;142
1057;32;34
1058;5;5
1059;22;22
1060;0;0
1062;2;2
1063;16;16
1064;26;26
1065;1;1
1066;18;18
1067;0;0
1068;0;0
1069;0;0
1070;10;10
1071;0;0
1072;11;11
1074;125;125
1075;71;70
1076;0;0
1077;2;2
1078;1;1
1079;1;1
1080;19;19
1081;2;1
1082;1;1
1083;0;0
1084;67;67
1085;0;0
1086;0;0
1087;0;0
1088;0;0
1089;0;0
1090;0;0
1091;0;0
1092;0;0
1093;0;0
1094;12;11
1095;0;0
1096;0;0
1097;4;4
1098;0;0
1099;0;0
1100;0;0
1101;0;0
1102;18;13
1103;10;14
1104;1;1
1105;2;2
1106;5;7
1107;105;109
1108;0;0
1109;1;2
1110;2;2
1111;2;1
1112;3;3
1113;2;1
1114;2;2
1116;2;1
1117;3;3
1118;3;3
1119;1;2
1120;13;14
1121;7;8
1122;7;8
1123;0;0
1126;0;0
1127;1;1
1128;151;152
1129;0;0
1130;36;35
1131;0;0
1132;10;10
1133;0;0
1134;0;0
1135;0;0
1136;4;4
1137;0;0
1138;3;4
1139;0;0
1140;3;2
1141;1;1
1143;1;2
1144;4;4
1145;14;12
1146;0;0
1147;19;18
1148;0;0
1149;5;7
1150;0;0
1151;0;0
1152;1;1
1153;3;3
1154;25;25
1156;0;0
1157;48;47
1158;0;0
1159;0;0
1160;0;0
1161;0;0
1162;1;1
1163;0;0
1164;0;0
1165;40;38
1166;1;1
1167;0;0
1168;0;0
1169;2;2
1170;0;0
1171;0;0
1172;0;0
1173;12;12
1174;0;0
1175;41;40
1176;1;1
1177;35;32
1178;0;0
1179;0;0
1180;20;21
1181;0;0
1182;1;1
1183;6;6
1184;0;0
1185;0;0
1186;11;13
1187;34;33
1189;0;0
1190;36;36
1191;12;12
1192;0;0
1193;2;2
1194;66;66
1195;0;0
1196;9;9
1197;89;91
1198;39;39
1199;0;0
1200;60;61
1201;0;0
1202;4;4
1203;15;15
1204;0;0
1205;7;7
1206;49;48
1207;0;0
1208;42;43
1209;26;26
1210;0;0
1211;0;0
1212;157;157
1213;18;18
1214;17;17
1215;0;0
1216;65;63
1218;391;392
1219;2;2
1220;12;12
1221;0;0
1222;49;49
1223;9;9
1224;0;0
1225;99;103
1226;22;21
1227;20;20
1229;330;331
1230;206;204
1231;34;36
1232;0;0
1233;0;0
1234;2;1
1235;0;0
1236;19;20
1237;0;0
1238;1;1
1239;0;0
1241;0;0
1242;3;3
1243;36;34
1244;0;0
1245;0;0
1246;82;81
1247;4;3
1249;0;0
1250;11;11
1251;19;19
1252;8;8
1253;65;62
1254;0;0
1255;0;0
1256;0;0
1257;0;0
1258;0;0
1259;0;0
1260;0;0
1261;0;0
1262;2;2
1263;0;0
1264;67;67
1265;11;11
1266;0;0
1267;0;0
1268;7;7
1269;0;0
1270;11;11
1271;0;0
1272;0;0
1273;78;83
1274;5;5
1275;0;0
1276;5;5
1277;1;1
1278;5;6
1279;2;2
1280;14;14
1281;0;0
1282;0;0
1283;0;0
1284;0;0
1285;3;3
1286;0;0
1287;0;0
1288;0;0
1289;4;4
1290;0;0
1291;0;0
1292;0;0
1293;0;0
1294;0;0
1295;0;0
1296;0;0
1297;0;0
1298;0;0
1299;0;0
1300;0;0
1301;0;0
1302;0;0
1303;0;0
1305;0;0
1306;0;0
1307;0;0
1308;0;0
1309;3;3
1310;0;0
1311;0;0
1312;0;0
1313;1;1
1314;0;0
1315;0;0
1316;0;0
1317;0;0
1318;0;0
1319;0;0
1320;5;5
1321;36;36
1322;20;20
1323;14;14
1324;39;39
1325;0;0
1326;0;0
1327;0;0
1328;0;0
1329;0;0
1330;9;9
1331;0;0
1332;0;0
1333;0;0
1334;0;0
1335;135;140
1336;0;0
1337;0;0
1338;0;0
1339;0;0
1340;0;0
1341;0;0
1342;0;0
1343;0;0
1344;1;1
1345;0;0
1346;0;0
1347;0;0
1348;0;0
1349;0;0
1350;5;5
1351;0;0
1352;10;10
1353;136;129
1354;135;134
1355;0;0
1356;5;5
1357;0;0
1358;0;0
1359;24;24
1360;9;9
1361;2;2
1362;0;0
1363;0;0
1364;0;0
1365;0;0
1366;0;0
1367;60;60
1368;0;0
1369;0;0
1370;0;0
1371;1;1
1372;0;0
1373;0;0
1374;2;2
1375;0;0
1376;5;5
1377;0;0
1378;0;0
1379;0;0
1380;0;0
1381;0;0
1382;524;516
1383;0;0
1384;0;0
1385;0;0
1386;201;203
1387;0;0
1388;0;0
1389;0;0
1390;0;0
1391;0;0
1392;0;0
1393;0;0
1394;0;0
1395;0;0
1396;0;0
1397;0;0
1398;0;0
1399;40;40
1400;0;0
1401;0;0
1402;0;0
1403;17;17
1404;0;0
1405;3;3
1406;0;0
1407;0;0
1408;2;2
1409;2;2
1410;0;0
1411;0;0
1412;4;4
1413;0;0
1414;0;0
1415;13;13
1416;1;1
1417;1;1
1418;92;91
1419;0;0
1420;0;0
1421;0;0
1422;0;0
1423;95;94
1424;0;0
1425;1;1
1426;0;0
1427;0;0
1428;0;0
1429;0;0
1430;0;0
1431;0;0
1432;0;0
1433;0;0
1434;0;0
1435;34;35
1436;0;0
1437;0;0
1438;3;3
1439;4;4
1440;0;0
1441;3;3
1442;0;0
1443;0;0
1444;0;0
1445;0;0
1446;3;3
1447;0;0
1448;5;5
1449;0;0
1450;6;6
1451;2;2
1452;109;109
1453;1;1
1454;4;4
1455;6;7
1456;10;10
1457;0;0
1458;43;47
1459;6;7
1460;50;53
1461;4;4
1462;6;6
1463;0;1
1464;6;6
1465;5;5
1466;0;0
1467;0;0
1468;13;13
1469;10;10
1470;10;10
1471;0;0
1472;80;84
1473;3;3
1474;44;46
1475;2;2
1476;9;9
1478;0;0
1479;15;16
1480;5;5
1481;0;0
1482;3;3
1483;0;0
1484;0;0
1485;0;0
1486;87;87
1487;0;0
1488;16;17
1489;98;97
1490;2;2
1491;0;0
1492;0;0
1493;0;0
1496;0;0
1498;0;0
1499;0;0
1500;0;0
1501;50;50
1502;0;0
1503;0;0
1504;0;0
1505;9;9
1506;22;22
1507;0;0
1508;25;25
1509;115;118
1510;3;3
1511;3;3
1512;63;63
1513;0;0
1514;6;6
1515;28;28
1516;0;0
1517;31;31
1518;0;0
1519;43;43
1520;52;52
1521;0;0
1522;0;0
1523;0;0
1524;192;194
1525;81;81
1526;44;42
1527;0;0
1528;20;20
1529;60;60
1530;0;0
1531;4;4
1532;0;0
1534;5;5
1535;0;0
1536;2;2
1537;0;0
1538;88;88
1539;38;38
1540;0;0
1541;0;0
1542;0;0
1543;0;0
1544;0;0
1545;11;11
1546;3;3
1547;0;0
1548;0;0
1549;0;0
1550;39;38
1551;122;123
1552;0;0
1553;50;50
1554;0;0
1555;331;331
1556;0;0
1558;5;5
1559;0;0
1560;0;0
1561;78;78
1562;76;76
1563;53;53
1564;0;0
1565;0;0
1566;0;0
1567;5;5
1568;0;0
1569;33;33
1570;0;0
1571;0;0
1572;0;0
1573;0;0
1574;0;0
1575;0;0
1576;0;0
1577;0;0
1578;0;0
1579;5;5
1580;0;0
1581;0;0
1582;4;4
1583;0;0
1584;2;2
1585;0;0
1586;0;0
1587;180;181
1588;1;1
1589;0;0
1590;136;135
1591;0;0
1592;0;0
1593;0;0
1594;5;5
1595;0;0
1596;2;2
1597;0;0
1598;0;0
1599;0;0
1600;0;0
1601;0;0
1602;0;0
1603;0;0
1604;0;0
1605;3;3
1606;111;111
1607;0;0
1608;0;0
1609;19;19
1610;8;8
1611;12;11
1612;34;35
1613;308;308
1615;0;0
1616;0;0
1617;3;3
1618;0;0
1619;0;0
1620;0;0
1621;0;0
1622;0;0
1623;0;0
1624;0;0
1625;4;4
1626;106;105
1627;1;1
1628;6;6
1629;10;12
1630;0;0
1631;0;0
1632;0;0
1633;23;24
1634;4;4
1635;0;0
1636;100;102
1637;3;3
1638;214;221
1639;2;2
1640;0;0
1641;0;0
1642;0;0
1643;0;0
1645;1;1
1646;16;16
1647;1;1
1648;0;0
1649;2;2
1650;0;0
1651;1;1
1652;21;21
1653;0;0
1654;2;2
1655;12;12
1656;2;2
1657;112;115
1658;5;4
1659;2;2
1660;0;0
1661;0;0
1662;5;2
1663;13;13
1664;0;0
1665;166;163
1666;0;0
1667;0;0
1668;0;0
1669;0;0
1670;0;0
1671;0;0
1672;0;0
1673;0;0
1675;2;2
1676;12;12
1677;0;0
1678;247;247
1679;2;2
1680;0;0
1681;0;0
1682;52;53
1683;0;0
1684;0;0
1685;17;17
1686;0;0
1687;0;0
1688;119;119
1689;9;9
1690;0;0
1691;3;4
1692;4;4
1693;2;2
1694;4;4
1695;0;0
1696;7;8
1697;0;0
1698;0;0
1699;2;2
1701;358;361
1702;0;0
1703;0;0
1705;0;0
1706;66;67
1707;0;0
1708;0;0
1709;0;0
1710;0;0
1712;0;0
1713;0;0
1715;47;47
1716;0;0
1718;0;0
1719;0;0
1721;6;6
1722;7;7
1723;3;3
1724;5;5
1726;10;10
1728;5;5
1729;3;3
1731;0;0
1732;0;0
1733;0;0
1734;0;0
1735;34;34
1736;0;0
1737;24;24
1738;6;6
1739;86;85
1740;0;0
1741;16;16
1742;21;21
1743;11;11
1744;0;0
1745;20;20
1746;6;5
1747;0;0
1748;0;0
1749;0;0
1750;0;0
1751;0;0
1753;0;0
1754;31;31
1755;2;2
1756;0;0
1757;0;0
1758;0;0
1759;10;10
1760;73;69
1761;16;13
1762;45;48
1763;0;0
1764;11;11
1765;0;0
1766;0;0
1767;37;40
1769;0;0
1770;0;0
1771;8;7
1772;23;23
1773;1;1
1774;15;13
1775;0;0
1776;18;18
1777;0;0
1778;0;0
1779;30;28
1780;45;44
1781;0;0
1782;0;0
1783;8;9
1784;0;0
1785;9;9
1786;3;3
1787;0;0
1788;0;0
1789;3;3
1790;0;0
1791;0;0
1792;16;16
1793;1;1
1794;5;5
1795;2;2
1796;12;12
1797;16;17
1798;2;2
1800;16;16
1801;5;5
1802;3;3
1803;0;0
1804;93;92
1805;0;0
1806;0;0
1807;25;23
1808;3;3
1809;0;0
1810;2;2
1811;0;0
1813;2;2
1814;5;5
1815;14;15
1816;10;10
1817;1;1
1818;2;2
1819;15;15
1820;4;4
1821;10;10
1822;2;2
1823;0;0
1824;243;242
1825;72;73
1826;15;15
1827;0;0
1828;1;1
1829;6;6
1830;6;6
1831;7;7
1832;0;0
1833;0;0
1834;2;2
1835;2;2
1836;47;45
1837;3;3
1838;7;7
1839;8;8
1840;51;50
1841;0;0
1842;8;8
1843;0;0
1844;0;0
1845;10;10
1846;8;8
1847;42;41
1848;7;7
1849;0;0
1850;13;14
1851;2;2
1852;153;151
1853;13;13
1854;16;16
1855;7;7
1856;9;9
1857;0;0
1858;7;7
1859;0;0
1860;0;0
1861;0;0
1862;0;0
1863;15;14
1864;0;0
1865;2;3
1866;1;1
1867;2;2
1868;0;0
1869;10;8
1870;0;0
1871;106;106
1872;0;0
1874;0;0
1875;0;0
1877;0;0
1878;0;0
1879;3;4
1880;0;0
1881;24;21
1882;0;0
1883;0;0
1884;1;1
1885;76;73
1886;0;0
1887;3;3
1889;4;5
1890;0;0
1891;0;0
1892;53;52
1893;0;0
1894;0;0
1895;3;3
1896;0;0
1897;24;24
1898;0;0
1899;0;0
1900;0;0
1901;6;7
1902;0;0
1903;3;2
1904;3;3
1905;5;6
1906;0;0
1907;0;0
1908;1;1
1909;45;42
1910;10;9
1911;0;0
1912;0;0
1913;0;0
1914;0;0
1915;0;0
1916;0;0
1917;0;0
1918;9;9
1919;0;0
1920;0;0
1921;0;0
1923;13;11
1924;0;0
1925;2;3
1926;25;26
1927;0;0
1928;0;0
1930;14;14
1931;0;0
1932;2;2
1933;0;0
1934;2;2
1935;0;0
1936;0;0
1937;2;2
1941;10;8
1942;0;0
1943;8;8
1944;4;6
1945;0;0
1946;2;2
1947;0;0
1948;15;15
1949;2;2
1950;2;2
1951;2;2
1952;2;2
1953;67;68
1954;0;0
1955;0;0
1956;4;4
1957;28;28
1958;3;2
1959;14;13
1960;43;40
1961;12;11
1963;5;5
1964;0;0
1965;3;3
1966;0;0
1968;3;3
1969;5;6
1970;1;1
1971;2;3
1972;3;2
1973;0;0
1974;0;0
1975;2;3
1976;0;0
1977;2;2
1978;3;3
1979;1;1
1980;1;1
1981;1;1
1982;0;0
1983;1;1
1984;1;1
1985;2;2
1986;3;2
1987;4;4
1989;7;5
1990;5;6
1991;4;4
1992;4;3
1993;2;1
1994;3;3
1995;4;5
1997;28;28
1998;1;1
1999;2;2
2000;3;3
2001;8;9
2002;1;1
2003;1;1
2004;2;2
2005;13;13
2006;96;117
2007;2;2
2008;0;0
2009;34;38
2010;0;0
2011;4;6
2012;2;2
2013;0;0
2014;1;1
2015;4;4
2016;0;0
2017;1;1
2018;1;1
2019;0;0
2020;0;0
2021;0;0
2022;0;0
2023;3;3
2024;4;4
2025;2;2
2026;0;0
2027;0;0
2028;5;5
2029;2;2
2030;7;10
2031;3;3
2032;0;0
2033;0;0
2034;3;3
2035;1;1
2036;0;0
2037;3;3
2038;0;0
2039;0;0
2040;0;0
2041;1;1
2042;32;32
2043;0;0
2044;0;0
2045;2;2
2046;1;1
2047;1;1
2048;6;6
2049;0;0
2050;28;26
2051;5;5
2052;0;0
2053;4;4
2054;0;0
2055;0;0
2056;0;0
2057;84;86
2058;0;0
2059;15;14
2060;3;3
2061;3;3
2062;3;3
2063;0;0
2064;82;82
2065;0;0
2066;6;6
2067;12;13
2068;2;2
2069;5;5
2070;0;0
2071;0;0
2072;194;183
2073;0;0
2074;39;59
2075;3;3
2076;2;2
2077;0;0
2078;0;0
2079;0;0
2080;0;0
2081;1;1
2082;137;139
2083;0;0
2084;2;2
2085;0;0
2086;2;2
2088;0;0
2089;9;9
2090;13;13
2091;0;0
2092;0;0
2093;1;1
2095;1;1
2096;9;10
2097;6;6
2098;0;0
2099;0;0
2100;0;0
2101;0;0
2102;0;0
2103;2;2
2104;24;24
2105;0;0
2106;5;5
2107;0;0
2108;0;0
2109;16;17
2110;2;2
2111;0;0
2112;0;0
2113;0;0
2114;6;6
2117;1;1
2118;0;0
2119;0;0
2120;0;0
2121;20;20
2122;0;0
2123;10;10
2125;0;0
2126;0;0
2127;0;0
2128;0;0
2130;0;0
2131;62;63
2132;0;0
2133;0;0
2134;19;19
2135;0;0
2136;4;4
2138;0;0
2139;0;0
2141;0;0
2142;2;2
2143;0;0
2144;0;0
2147;0;0
2148;0;0
2151;2;2
2153;0;0
2154;0;0
2156;0;0
2157;39;39
2158;0;0
2162;15;15
2163;0;0
2164;7;7
2165;1;1
2166;6;6
2167;11;11
2168;0;0
2169;0;0
2170;111;112
2171;0;0
2172;2;2
2173;0;0
2174;0;0
2175;0;0
2176;120;119
2177;67;66
2178;0;0
2179;241;236
2180;4;4
2181;0;0
2182;0;0
2184;0;0
2185;0;0
2186;0;0
2187;0;0
2188;356;354
2189;1;1
2190;0;0
2191;97;98
2192;1;1
2193;0;0
2194;104;104
2195;7;7
2196;0;0
2197;0;0
2202;2;2
2203;3;3
2204;1;1
2205;0;0
2206;62;63
2207;56;55
2208;0;0
2209;0;0
2210;0;0
2211;0;0
2212;2;2
2213;0;0
2214;12;12
2215;0;0
2216;0;0
2217;1;1
2218;0;0
2219;30;30
2220;0;0
2221;14;14
2222;3;3
2223;58;59
2224;0;0
2225;0;0
2227;6;5
2228;0;0
2229;0;0
2230;0;0
2232;0;0
2233;2;2
2234;8;8
2235;0;0
2236;0;0
2237;0;0
2239;0;0
2240;0;0
2241;0;0
2242;0;0
2243;2;2
2244;10;10
2245;0;0
2246;35;35
2247;0;0
2249;4;4
2250;0;0
2251;3;3
2252;4;4
2253;0;0
2254;2;2
2255;3;3
2256;10;9
2257;2;2
2258;2;2
2259;5;5
2260;0;0
2261;0;0
2262;1;1
2263;0;0
2264;65;64
2265;0;0
2267;0;0
2268;29;29
2270;1;1
2271;0;0
2272;5;5
2273;0;0
2274;0;0
2275;40;40
2276;264;263
2277;0;0
2278;4;4
2279;286;289
2280;2;2
2281;5;5
2282;0;0
2283;0;0
2284;1;1
2285;0;0
2286;3;3
2287;81;81
2288;10;10
2289;0;0
2290;6;6
2291;2;2
2293;0;0
2294;2;2
2295;2;2
2296;3;3
2297;3;3
2298;1;1
2299;7;7
2300;0;0
2301;0;0
2302;0;0
2303;0;0
2304;4;4
2305;85;85
2306;0;0
2307;18;18
2308;11;11
2309;0;0
2310;9;9
2311;3;3
2312;9;9
2313;17;17
2314;0;0
2315;0;0
2316;2;2
2317;0;0
2318;0;0
2319;0;0
2320;0;0
2321;0;0
2322;17;17
2323;0;0
2324;9;9
2325;0;0
2326;17;17
2327;13;13
2328;1;1
2329;0;0
2330;8;8
2332;4;4
2333;12;12
2334;42;42
2335;1;1
2336;2;2
2337;8;8
2338;0;0
2339;0;0
2340;5;5
2341;3;3
2342;0;0
2343;0;0
2344;4;4
2345;8;8
2346;2;2
2347;31;31
2348;0;0
2350;0;0
2351;0;0
2352;1;1
2353;0;0
2354;0;0
2355;0;0
2356;1;1
2358;0;0
2359;157;158
2360;0;0
2361;4;4
2364;0;0
2365;3;3
2366;0;0
2367;0;0
2370;59;59
2371;0;0
2372;80;80
2374;3;3
2375;0;0
2376;0;0
2377;0;0
2378;39;39
2379;0;0
2380;3;3
2381;6;6
2383;0;0
2384;61;62
2385;0;0
2386;0;0
2387;14;14
2388;1;1
2389;0;0
2390;5;5
2391;0;0
2392;0;0
2393;0;0
2394;0;0
2396;0;0
2397;193;193
2399;3;3
2400;7;7
2401;2;2
2402;5;5
2404;6;6
2405;0;0
2406;0;0
2407;0;0
2408;0;0
2409;1;1
2410;0;0
2411;0;0
2414;0;0
2415;0;0
2421;0;0
2422;5;5
2423;6;6
2425;4;4
2426;4;4
2428;0;0
2429;10;10
2430;18;18
2433;9;9
2435;0;0
2436;0;0
2437;0;0
2438;0;0
2439;2;2
2440;7;7
2441;2;2
2442;65;63
2443;13;13
2444;0;0
2445;0;0
2446;0;0
2447;0;0
2448;0;0
2449;0;0
2450;0;0
2451;0;0
2452;10;11
2453;0;0
2454;2;2
2455;1;1
2456;1;1
2457;0;0
2458;1;1
2459;0;0
2460;2;2
2461;2;2
2462;0;0
2463;0;0
2464;0;0
2465;0;0
2466;0;0
2467;1;2
2468;0;0
2469;1;1
2470;1;1
2471;4;4
2472;0;0
2473;0;0
2474;1;1
2476;6;6
2477;2;2
2478;0;0
2479;0;0
2481;0;0
2482;0;0
2483;0;0
2484;0;0
2485;0;0
2486;0;0
2487;6;8
2488;3;3
2490;6;5
2491;1;1
2492;1;1
2493;0;0
2494;0;0
2495;2;2
2496;6;5
2497;4;6
2498;0;0
2499;0;0
2500;0;0
2501;4;4
2502;0;0
2503;0;0
2504;0;0
2505;0;0
2506;0;0
2508;3;3
2509;6;6
2511;0;0
2512;1;1
2513;7;7
2514;0;0
2515;0;0
2516;0;0
2517;1;1
2518;1;1
2519;0;0
2520;0;0
2521;1;1
2522;13;13
2524;1;1
2525;2;2
2526;36;34
2527;0;0
2528;13;12
2529;0;0
2530;0;0
2531;98;99
2532;0;0
2533;3;3
2534;0;0
2535;3;3
2536;0;0
2537;55;55
2538;17;17
2539;4;4
2540;0;0
2541;1;1
2542;0;0
2543;4;3
2544;1;1
2545;39;39
2546;0;0
2547;3;3
2548;33;33
2549;1;1
2550;2;2
2551;32;32
2552;0;0
2553;0;0
2554;12;12
2555;18;18
2556;3;3
2558;0;0
2559;36;35
2560;98;96
2561;0;0
2562;21;22
2563;0;0
2564;193;194
2565;0;0
2566;4;3
2567;0;0
2568;2;2
2569;9;9
2570;3;3
2571;0;0
2572;7;7
2573;0;0
2574;0;0
2575;11;11
2576;5;5
2577;2;2
2578;57;57
2579;0;0
2580;0;0
2581;11;12
2582;0;0
2583;0;0
2584;12;10
2585;0;0
2586;10;10
2587;3;3
2589;0;0
2590;13;13
2591;3;3
2592;0;0
2593;0;0
2594;0;0
2595;7;7
2596;0;0
2597;16;16
2598;0;0
2599;38;39
2600;0;0
2601;0;0
2602;3;3
2603;2;2
2604;5;5
2605;0;0
2606;0;0
2607;9;9
2609;5;5
2610;36;36
2612;30;31
2613;19;19
2614;0;0
2615;3;3
2616;16;15
2618;47;47
2619;8;8
2620;0;0
2621;57;57
2622;1;1
2623;11;11
2624;5;5
2625;0;0
2626;0;0
2627;0;0
2628;1;1
2629;1;1
2630;1;1
2631;1;1
2632;0;0
2633;15;15
2635;4;4
2636;0;0
2637;1;1
2638;16;16
2639;0;0
2640;0;0
2641;5;4
2642;4;4
2643;0;0
2644;0;0
2645;6;7
2646;0;0
2647;7;6
2648;0;0
2649;9;10
2650;79;79
2651;11;11
2652;0;0
2653;0;0
2654;0;0
2655;0;0
2656;6;5
2657;2;2
2658;1;1
2659;0;0
2660;0;0
2661;0;0
2662;7;7
2663;0;0
2664;3;3
2665;10;10
2666;0;0
2667;2;2
2668;0;0
2669;0;0
2670;3;3
2671;3;3
2672;2;2
2673;35;36
2674;0;0
2675;0;0
2676;0;0
2677;0;0
2678;2;2
2679;0;0
2680;1;1
2681;0;0
2682;0;0
2683;1;1
2684;0;0
2685;0;0
2686;0;0
2687;0;0
2688;39;39
2689;0;0
2690;1;1
2691;0;0
2692;0;0
2694;0;0
2695;0;0
2696;0;0
2697;0;1
2699;18;18
2700;0;0
2701;0;0
2702;0;0
2703;0;0
2704;0;0
2705;2;2
2706;4;4
2707;0;0
2708;5;5
2709;152;155
2710;10;10
2711;1;1
2712;2;2
2713;4;4
2714;12;12
2715;30;27
2716;1;1
2717;2;2
2718;1;1
2719;2;2
2720;0;0
2722;2;2
2723;0;0
2724;3;3
2725;1;1
2726;4;4
2727;0;0
2728;6;6
2729;11;11
2730;0;0
2731;3;3
2732;3;3
2733;1;1
2734;2;2
2735;0;0
2736;0;0
2737;0;0
2738;3;3
2739;6;6
2740;0;0
2741;1;1
2742;3;3
2743;1;1
2744;0;0
2745;26;26
2746;1;1
2747;2;2
2748;4;4
2749;11;11
2750;2;2
2751;2;2
2752;2;2
2753;6;6
2754;0;0
2755;2;2
2756;8;8
2758;0;0
2759;8;11
2760;0;0
2761;2;3
2762;26;25
2763;0;0
2764;2;2
2765;0;0
2766;0;0
2767;6;6
2768;8;8
2769;8;8
2770;0;0
2771;24;24
2772;4;4
2773;10;10
2774;7;7
2775;0;0
2776;0;0
2777;0;0
2778;0;0
2780;0;0
2781;6;6
2782;0;0
2783;0;0
2784;0;0
2785;1;1
2786;2;2
2787;1;1
2788;1;1
2789;115;115
2790;0;0
2791;0;0
2792;7;6
2794;0;0
2795;0;0
2796;1;1
2797;0;0
2799;0;0
2800;0;0
2801;7;7
2802;10;10
2803;0;0
2804;1;1
2805;0;0
2806;6;6
2807;2;2
2808;3;3
2809;2;2
2810;0;0
2812;11;11
2813;0;0
2814;0;0
2816;23;23
2817;0;0
2818;0;0
2819;0;0
2820;0;0
2821;11;11
2822;2;2
2823;0;0
2824;5;5
2826;0;0
2827;0;0
2828;0;0
2829;0;0
2830;1;1
2831;0;0
2832;0;0
2833;1;1
2834;0;0
2835;1;1
2836;0;0
2837;0;0
2838;0;0
2839;0;0
2840;0;0
2841;0;0
2842;0;0
2843;0;0
2844;4;4
2845;0;0
2846;1;1
2847;0;0
2848;14;14
2849;2;2
2850;20;19
2851;90;91
2852;4;4
2853;1;1
2854;2;2
2855;0;0
2856;11;11
2857;0;0
2858;1;1
2859;0;0
2860;1;1
2861;4;4
2862;0;0
2863;0;0
2864;1;1
2865;0;0
2866;0;0
2867;0;0
2868;10;10
2870;2;2
2871;0;0
2872;0;0
2873;0;0
2874;35;34
2875;23;23
2876;0;0
2877;17;18
2878;23;23
2879;4;4
2881;29;29
2882;14;15
2883;34;32
2884;9;9
2885;4;4
2886;0;0
2887;0;0
2888;1;1
2889;2;2
2890;102;102
2891;11;11
2893;11;10
2894;19;18
2895;44;46
2896;10;8
2897;31;32
2898;1;1
2899;58;56
2900;6;6
2901;4;5
2902;35;35
2903;12;12
2905;0;0
2906;0;0
2907;4;5
2908;67;67
2909;0;0
2910;52;52
2911;4;3
2912;45;45
2913;31;29
2914;10;11
2916;3;3
2917;3;3
2918;3;3
2920;7;7
2922;63;63
2923;37;37
2925;9;8
2926;3;3
2927;34;33
2929;0;0
2930;4;4
2931;1;1
2932;6;6
2933;16;17
2934;25;25
2935;8;8
2936;4;4
2937;31;31
2938;8;8
2939;102;100
2940;15;15
2941;14;14
2942;7;7
2944;22;22
2945;17;17
2947;18;19
2948;184;184
2949;7;7
2950;0;0
2951;0;0
2952;15;15
2953;0;0
2954;54;54
2955;3;3
2956;3;3
2957;3;3
2958;9;9
2960;46;45
2961;4;4
2962;22;22
2963;4;4
2964;28;28
2965;26;26
2966;8;8
2967;10;10
2968;20;20
2969;2;2
2972;11;11
2973;6;6
2974;14;14
2975;98;101
2976;15;15
2977;0;0
2978;0;0
2979;51;53
2980;6;7
2981;8;7
2983;80;78
2984;0;0
2985;199;198
2986;0;0
2987;8;8
2988;86;85
2989;9;9
2990;28;28
2991;8;7
2992;23;23
2993;27;27
2994;35;35
2995;0;0
2996;5;5
2997;227;225
2998;0;0
2999;2;2
3000;1;1
3001;5;5
3002;6;8
3003;2;2
3004;0;0
3005;0;0
3006;0;0
3007;29;29
3008;16;16
3009;3;3
3010;1;1
3011;0;0
3012;1;1
3013;0;0
3014;0;0
3015;15;15
3016;0;0
3017;33;35
3018;2;2
3019;3;3
3020;12;10
3021;0;0
3022;3;3
3023;7;7
3024;101;102
3025;0;0
3026;0;0
3027;0;0
3028;0;0
3029;0;0
3030;1;1
3033;0;0
3034;29;32
3035;42;39
3036;0;0
3037;0;0
3038;8;8
3039;6;6
3040;16;16
3041;0;0
3042;9;8
3043;97;97
3044;0;0
3045;0;0
3048;0;0
3049;0;0
3050;9;9
3051;0;0
3052;0;0
3053;0;0
3054;0;0
3055;7;7
3056;0;0
3057;6;6
3058;0;0
3059;0;0
3061;12;13
3062;0;0
3063;11;10
3064;0;0
3065;0;0
3066;18;18
3067;0;0
3068;3;3
3069;16;16
3070;0;0
3071;3;3
3072;1;1
3073;2;1
3074;4;6
3075;0;0
3076;74;74
3077;355;355
3078;0;0
3079;2;2
3080;2;2
3081;9;9
3082;0;0
3084;10;10
3085;1;1
3087;0;0
3089;9;9
3091;0;0
3092;5;5
3093;264;263
3094;1;1
3095;0;0
3096;0;0
3097;6;6
3098;17;17
3099;0;0
3100;12;12
3101;1;1
3102;0;0
3103;1;1
3104;6;6
3105;18;18
3107;0;0
3108;0;0
3109;0;0
3112;14;15
3113;0;0
3115;13;13
3116;5;5
3117;0;0
3118;3;3
3119;0;0
3120;25;25
3121;79;79
3122;1;1
3124;0;0
3125;44;44
3127;1;1
3128;0;0
3129;1;1
3130;1;1
3131;97;98
3132;0;0
3134;3;3
3135;17;17
3136;59;59
3137;31;30
3138;0;0
3140;0;0
3141;0;0
3142;8;8
3143;15;16
3144;107;104
3145;0;0
3146;11;11
3147;0;0
3148;3;3
3149;0;0
3150;0;0
3151;2;2
3152;9;9
3153;42;42
3155;5;5
3156;44;41
3157;67;67
3158;0;0
3159;0;0
3161;2;2
3162;0;0
3163;1;1
3164;1;1
3165;0;0
3166;0;0
3167;0;0
3169;0;0
3170;3;3
3171;0;0
3172;0;0
3173;1;1
3174;16;16
3175;0;0
3176;0;0
3177;18;18
3178;0;0
3179;71;67
3180;1;1
3181;6;6
3182;2;2
3183;6;6
3184;1;1
3185;0;0
3186;1;1
3187;0;0
3188;0;0
3196;33;33
3197;0;0
3198;0;0
3199;87;87
3200;0;0
3201;4;4
3204;5;5
3205;109;109
3207;0;0
3208;0;0
3209;7;6
3211;0;0
3213;7;9
3214;0;0
3215;1;1
3217;1;1
3220;0;0
3221;0;0
3222;17;16
3223;2;2
3224;4;4
3226;0;0
3227;0;0
3228;0;0
3229;0;0
3230;0;0
3232;1;1
3233;0;0
3234;0;0
3235;3;3
3236;2;2
3237;5;4
3238;0;0
3239;49;50
3240;56;56
3241;4;4
3242;3;3
3243;4;4
3244;17;18
3245;1;1
3246;3;3
3247;4;4
3249;8;7
3250;21;21
3251;1;1
3252;0;0
3253;8;8
3254;2;2
3256;14;14
3257;3;4
3258;3;2
3259;1;1
3260;7;7
3261;8;8
3262;7;7
3263;26;26
3264;1;1
3265;6;6
3266;24;24
3267;9;9
3268;1;1
3269;52;52
3270;4;4
3271;7;7
3272;23;23
3273;18;18
3274;0;0
3275;185;182
3276;0;0
3277;0;0
3278;0;0
3279;0;0
3280;0;0
3281;0;0
3282;2;2
3284;6;6
3287;6;6
3288;5;5
3289;14;13
3291;0;0
3292;0;0
3294;5;5
3295;0;0
3296;5;5
3297;0;0
3298;14;14
3299;5;5
3300;2;2
3301;0;0
3302;2;2
3303;18;18
3304;257;257
3305;17;17
3306;0;0
3307;7;7
3308;42;42
3309;0;0
3310;4;4
3311;0;0
3312;0;0
3313;0;0
3314;0;0
3315;0;0
3316;408;412
3317;0;0
3318;1;1
3319;11;13
3320;152;144
3321;28;28
3322;56;54
3323;4;4
3324;13;13
3325;5;5
3326;7;7
3328;3;3
3329;5;5
3330;16;16
3331;2;2
3332;1;1
3333;4;4
3334;1;1
3335;0;0
3336;9;9
3337;8;8
3338;0;0
3339;137;132
3340;0;0
3341;51;51
3343;0;0
3344;0;0
3345;7;7
3346;5;5
3347;8;8
3348;3;3
3349;8;8
3350;0;0
3351;92;90
3352;0;0
3353;2;2
3354;0;0
3355;13;13
3356;4;4
3357;0;0
3358;3;3
3359;3;2
3360;0;0
3361;208;202
3362;1;1
3363;3;3
3364;535;534
3366;18;18
3368;147;147
3369;110;110
3370;338;336
3371;189;188
3372;107;107
3373;114;114
3374;234;233
3375;174;174
3376;187;187
3377;5;5
3378;84;84
3379;283;280
3380;21;20
3381;24;24
3382;273;272
3383;233;233
3384;86;86
3385;133;133
3386;252;254
3387;84;84
3388;165;165
3389;77;77
3390;188;188
3391;205;206
3392;56;56
3393;270;270
3394;137;137
3395;324;323
3396;5;5
3397;13;13
3398;6;6
3399;153;153
3400;128;129
3402;10;10
3404;142;143
3406;411;414
3407;0;0
3408;29;29
3409;1;1
3410;42;39
3411;2;2
3413;1;1
3414;2;2
3415;4;4
3416;0;0
3417;5;4
3418;0;0
3419;0;0
3420;6;7
3421;0;0
3422;0;0
3423;1;1
3424;0;0
3425;0;0
3426;3;3
3427;0;0
3428;3;3
3429;1;1
3430;1;1
3431;0;0
3432;0;0
3433;0;0
3434;0;0
3435;0;0
3436;0;0
3437;5;5
3438;0;0
3439;0;0
3440;0;0
3441;0;0
3442;5;5
3443;0;0
3444;0;0
3445;1;1
3446;1;1
3447;14;14
3448;212;212
3449;0;0
3450;0;0
3451;0;0
3452;0;0
3453;54;57
3454;34;35
3455;0;0
3456;42;42
3457;20;20
3458;82;77
3459;17;17
3460;3;3
3461;2;2
3462;251;257
3463;8;8
3464;0;0
3465;2;2
3466;0;0
3467;15;15
3468;0;0
3469;249;250
3470;0;0
3471;0;0
3472;12;12
3473;58;54
3474;0;0
3475;0;0
3476;0;0
3477;0;0
3478;0;0
3479;0;0
3480;0;0
3481;0;0
3482;0;0
3483;0;0
3484;492;498
3485;0;0
3486;81;80
3487;0;0
3488;75;75
3489;0;0
3490;0;0
3491;3;3
3492;20;20
3493;6;6
3494;253;252
3495;21;20
3496;0;0
3497;2;2
3498;5;5
3499;0;0
3500;0;0
3501;0;0
3502;39;36
3503;0;0
3504;5;4
3505;0;0
3506;0;0
3507;0;0
3508;0;0
3509;0;0
3510;0;0
3511;0;0
3512;0;0
3513;3;3
3514;20;21
3515;34;34
3516;0;0
3517;6;6
3518;0;0
3519;0;0
3520;196;192
3521;0;0
3522;0;0
3523;0;0
3524;10;10
3525;0;0
3527;1;1
3528;2;2
3530;0;0
3531;11;6
3532;0;0
3533;186;188
3534;0;0
3535;2;2
3536;141;137
3537;0;0
3538;0;0
3539;0;0
3541;0;0
3542;20;19
3543;3;3
3544;8;8
3545;1;1
3546;1;1
3547;0;0
3548;0;0
3549;0;0
3550;243;242
3551;0;0
3552;0;0
3553;0;0
3554;0;0
3555;0;0
3556;0;0
3557;0;0
3558;6;6
3559;24;23
3560;7;8
3561;17;17
3562;0;0
3563;0;0
3564;21;21
3565;0;0
3566;79;70
3567;0;0
3568;0;0
3569;0;0
3570;74;74
3571;7;6
3572;0;0
3573;0;0
3574;0;0
3575;0;0
3576;368;366
3577;201;202
3578;16;16
3579;0;0
3580;18;18
3581;0;0
3582;18;18
3583;0;0
3584;2;2
3585;69;69
3586;0;0
3587;0;0
3588;0;0
3589;23;23
3590;0;0
3591;1;1
3592;0;0
3593;0;0
3594;0;0
3595;0;0
3596;3;3
3597;1;1
3598;4;4
3599;29;28
3600;0;0
3601;0;0
3602;21;21
3603;0;0
3604;1;1
3605;0;0
3606;0;0
3607;0;0
3608;38;38
3609;8;8
3610;3;3
3611;36;38
3612;2;2
3613;23;23
3614;0;0
3615;25;24
3616;0;0
3617;31;31
3618;0;0
3619;0;0
3620;5;6
3621;68;68
3622;30;30
3623;0;0
3624;1;1
3625;0;0
3626;83;84
3627;32;32
3628;3;3
3629;0;0
3630;5;5
3631;0;0
3632;0;0
3633;9;9
3634;0;0
3635;0;0
3636;31;31
3637;0;0
3638;0;0
3639;0;0
3640;0;0
3641;27;28
3642;4;4
3643;0;0
3644;18;18
3645;216;217
3646;138;138
3647;0;0
3648;0;0
3649;0;0
3650;1;1
3651;0;0
3652;8;9
3653;8;8
3654;0;0
3655;0;0
3656;0;0
3657;0;0
3658;7;7
3659;2;2
3660;29;29
3661;6;6
3662;0;0
3663;0;0
3664;2;2
3665;1;1
3666;0;0
3667;0;0
3668;0;0
3669;0;0
3670;469;467
3671;5;5
3672;0;0
3673;83;84
3674;2;2
3675;3;3
3676;31;31
3677;0;0
3678;114;107
3679;0;0
3680;2;2
3681;3;3
3682;915;911
3683;0;0
3684;0;0
3685;28;28
3686;0;0
3687;20;20
3688;0;0
3689;2;2
3690;82;82
3691;4;4
3692;0;0
3693;22;23
3694;2;2
3695;0;0
3696;2;3
3697;158;158
3698;15;15
3699;0;0
3700;2;2
3701;1;1
3702;0;0
3704;2;2
3705;3;4
3706;0;0
3707;0;0
3708;2;2
3709;0;0
3710;1;1
3711;13;14
3712;46;45
3713;5;5
3714;196;190
3715;3;3
3716;0;0
3717;65;60
3718;2;2
3719;4;4
3720;113;117
3721;0;0
3722;44;44
3723;0;0
3724;1;1
3726;2;2
3727;0;0
3728;118;115
3729;29;28
3730;5;5
3731;119;119
3732;6;6
3733;0;0
3734;24;26
3735;0;0
3736;2;2
3737;0;0
3738;3;3
3739;3;3
3740;0;0
3742;0;0
3743;9;9
3744;5;5
3745;26;26
3746;0;0
3747;139;132
3748;60;60
3749;1;1
3750;0;0
3751;361;374
3752;289;287
3753;2;2
3754;2;2
3755;0;0
3756;0;0
3757;0;0
3758;0;0
3759;63;65
3760;0;0
3761;0;0
3762;0;0
3763;0;0
3764;7;7
3765;0;0
3766;0;0
3767;0;0
3768;0;0
3769;0;0
3770;2;2
3771;7;7
3772;0;0
3773;0;0
3774;59;59
3775;6;6
3776;0;0
3777;10;10
3778;0;0
3779;0;0
3780;0;0
3781;0;0
3782;9;9
3783;0;0
3784;6;6
3785;0;0
3786;0;0
3787;0;0
3788;0;0
3789;0;0
3790;1;1
3791;0;0
3792;0;0
3793;63;65
3794;7;7
3795;0;0
3796;2;2
3797;456;455
3798;0;0
3799;0;0
3800;0;0
3801;0;0
3802;0;0
3803;0;0
3804;6;6
3805;1;1
3806;34;35
3807;27;29
3808;22;22
3809;0;0
3810;0;0
3811;36;35
3812;0;0
3814;0;0
3815;0;0
3816;1;1
3817;55;53
3818;0;0
3819;13;14
3820;36;35
3821;0;0
3822;0;0
3823;0;0
3824;1;1
3825;51;52
3826;6;6
3827;0;0
3828;0;0
3829;10;9
3830;558;550
3831;0;0
3832;27;27
3833;0;0
3834;0;0
3835;0;0
3836;0;0
3837;0;0
3838;4;4
3839;26;25
3840;10;9
3841;0;0
3842;0;0
3843;1;1
3844;0;0
3845;13;13
3846;8;8
3848;3;3
3849;142;144
3850;0;0
3851;4;3
3852;6;6
3853;0;0
3854;5;5
3855;27;28
3856;3;3
3857;17;16
3858;218;212
3859;6;6
3860;3;3
3861;123;125
3862;2;18
3863;40;41
3864;31;29
3865;2;2
3866;0;0
3867;42;44
3868;0;0
3869;0;0
3870;0;0
3871;0;0
3872;3;3
3873;10;11
3874;0;0
3875;16;17
3876;301;299
3877;245;251
3878;237;238
3879;2;2
3880;7;7
3881;4;4
3882;0;0
3883;0;0
3884;0;0
3885;326;330
3886;1;1
3887;0;0
3888;0;0
3889;0;0
3890;4;4
3891;0;0
3892;0;0
3893;0;0
3894;3;3
3895;0;0
3896;21;21
3897;0;0
3898;29;29
3899;0;0
3900;0;0
3901;17;17
3903;27;27
3904;4;4
3905;7;7
3906;3;3
3907;0;0
3908;15;14
3909;0;0
3910;7;7
3911;3;3
3913;3;2
3914;4;4
3915;0;0
3916;10;11
3917;4;4
3919;36;36
3920;7;7
3921;0;0
3922;0;0
3923;0;0
3924;3;3
3927;1;1
3928;65;66
3929;8;8
3930;370;370
3931;48;47
3932;11;11
3933;2;2
3935;0;0
3936;2;2
3937;3;3
3938;2;2
3939;1;1
3940;100;101
3941;197;206
3942;84;85
3943;12;12
3944;2;2
3945;4;4
3946;6;6
3947;4;4
3948;10;10
3949;8;8
3950;5;5
3952;0;0
3953;101;101
3954;0;0
3955;0;0
3956;19;19
3957;0;0
3958;3;3
3959;58;58
3960;0;0
3962;0;0
3963;0;0
3964;44;44
3965;1;1
3966;0;0
3967;7;8
3968;1;0
3969;0;0
3971;6;6
3972;8;8
3973;34;35
3974;12;10
3975;7;7
3976;5;4
3977;23;21
3978;1;1
3979;1;2
3980;37;38
3982;0;0
3984;2;2
3985;0;0
3986;23;23
3987;2;2
3988;75;74
3989;30;31
3990;2;2
3991;0;0
3992;152;152
3994;3;3
3995;5;5
3996;0;0
3997;3;3
3998;259;262
3999;46;44
4000;4;4
4004;0;0
4005;0;0
4006;2;2
4007;12;12
4008;25;26
4009;13;13
4010;4;4
4011;20;20
4012;1;1
4013;2;2
4014;41;42
4015;13;13
4016;15;15
4017;20;20
4018;9;9
4019;42;41
4020;8;8
4021;12;12
4022;1;1
4023;5;5
4024;3;3
4025;1;1
4026;1;1
4027;2;2
4028;5;5
4029;323;324
4030;109;109
4031;0;0
4033;65;64
4034;29;29
4037;12;12
4038;9;9
4039;6;6
4040;5;5
4041;16;16
4042;2;2
4043;17;18
4044;3;3
4045;5;5
4046;15;15
4047;9;9
4048;4;4
4049;4;4
4050;4;4
4051;1;1
4052;2;2
4054;7;7
4056;6;6
4057;31;33
4058;2;2
4059;130;128
4060;0;0
4061;4;4
4062;2;2
4063;8;8
4064;2;2
4065;0;0
4066;0;0
4067;13;13
4069;15;15
4071;0;0
4072;15;15
4073;0;0
4074;25;23
4075;38;39
4076;3;3
4077;1;1
4078;81;84
4080;0;0
4081;1;1
4083;6;6
4084;0;0
4085;65;66
4086;1;1
4087;8;8
4088;1;1
4089;14;12
4090;14;14
4091;51;51
4092;15;13
4093;1;1
4094;0;0
4095;3;3
4096;0;0
4097;30;30
4098;1;1
4099;14;13
4100;4;4
4101;9;9
4102;0;0
4103;8;8
4104;0;0
4105;19;19
4106;2;2
4107;0;0
4108;135;135
4109;37;37
4110;10;10
4111;22;23
4112;22;22
4113;18;18
4114;1;1
4115;7;7
4116;7;7
4117;1;1
4119;23;17
4120;108;107
4121;0;0
4124;6;6
4125;0;1
4127;5;5
4128;5;5
4129;4;4
4130;14;14
4131;2;2
4132;1;1
4133;1;1
4135;1;1
4136;0;0
4137;0;0
4138;0;0
4139;0;0
4140;13;13
4141;6;6
4142;1;1
4143;1;1
4144;136;136
4146;0;0
4147;2;2
4148;9;9
4149;20;20
4151;0;0
4152;0;0
4153;5;5
4155;1;1
4156;1;1
4157;2;2
4158;2;2
4159;1;1
4160;1;1
4161;17;21
4162;18;18
4165;0;0
4166;20;20
4167;49;48
4169;2;2
4170;0;0
4171;0;0
4172;0;0
4173;0;0
4174;0;0
4175;0;0
4177;0;0
4178;0;0
4179;0;0
4180;0;0
4182;0;0
4183;1;1
4184;0;0
4185;0;0
4186;0;0
4187;0;0
4188;1;1
4189;6;6
4190;4;4
4191;3;4
4192;6;6
4193;2;2
4194;2;2
4195;2;2
4196;2;2
4197;6;6
4198;38;38
4199;3;3
4200;4;4
4201;4;4
4202;2;2
4203;4;4
4204;4;4
4206;49;48
4207;0;0
4208;0;0
4209;11;10
4213;0;0
4214;7;7
4215;2;2
4216;7;7
4217;1;2
4218;2;2
4219;1;1
4220;0;0
4221;0;0
4222;0;0
4223;0;0
4224;0;0
4225;0;0
4226;0;0
4227;0;0
4228;0;0
4229;0;0
4230;0;0
4231;0;0
4235;2;2
4236;0;0
4237;2;2
4238;2;2
4239;2;2
4242;5;5
4244;1;1
4247;7;7
4249;1;2
4250;1;1
4252;4;3
4253;0;0
4254;0;0
4255;3;3
4256;2;2
4257;0;0
4261;2;2
4262;0;0
4263;1;1
4265;4;4
4268;0;0
4270;0;0
4271;2;2
4272;0;0
4273;3;3
4274;18;18
4275;0;0
4276;4;4
4278;2;3
4280;0;0
4284;2;2
4285;6;15
4286;9;10
4287;1;1
4289;0;0
4290;0;0
4291;5;5
4292;14;14
4293;0;0
4295;0;0
4296;3;3
4297;5;5
4299;0;0
4300;1;1
4301;16;16
4302;35;36
4303;0;0
4304;8;8
4305;4;4
4306;1;1
4307;0;0
4308;7;7
4309;10;10
4312;4;4
4313;0;0
4314;2;2
4315;30;31
4316;0;0
4317;145;145
4318;5;5
4319;12;12
4320;8;8
4321;0;0
4322;7;7
4325;7;9
4326;3;2
4327;5;5
4328;7;7
4330;60;62
4331;65;63
4333;0;0
4335;1;1
4336;0;5
4338;1;1
4339;1;1
4340;0;0
4341;6;4
4342;0;0
4343;0;0
4344;2;2
4345;4;4
4347;0;0
4348;14;14
4349;1;1
4350;4;4
4351;0;0
4352;15;14
4353;3;3
4354;2;2
4355;13;13
4356;24;24
4357;10;10
4358;4;4
4359;11;11
4360;0;0
4362;9;9
4363;5;5
4364;15;15
4365;5;5
4367;21;21
4368;4;4
4369;2;2
4370;0;0
4371;4;4
4372;0;0
4373;1;1
4374;42;44
4375;7;7
4376;0;0
4377;3;3
4379;0;0
4380;64;67
4381;16;16
4382;0;0
4383;0;0
4384;3;3
4386;7;7
4387;0;0
4388;2;2
4390;0;0
5404;1;1
5405;0;0
5406;0;0
5407;2;1
5408;0;0
5409;3;3
5410;1;1
5411;4;4
5412;4;5
5413;0;0
5414;2;2
5415;1;1
5416;1;3
5417;2;2
5418;2;2
5419;4;4
5420;1;1
5421;4;4
5422;6;5
5423;5;5
5424;6;6
5425;5;4
5426;0;0
5427;0;0
5428;4;4
5429;1;1
5430;5;5
5431;3;3
5432;2;2
5433;3;3
5434;4;4
5435;13;12
5436;3;3
5437;1;1
5438;2;2
5439;2;2
5440;2;2
5441;0;0
5442;7;7
5443;2;2
5444;4;4
5445;3;2
5446;3;3
5447;3;3
5448;9;9
5449;2;2
5450;0;0
5452;0;0
5453;0;0
5456;0;0
5457;1;1
5458;0;0
5459;0;0
5460;0;0
5461;2;2
5462;0;0
5463;1;1
5464;1;1
5465;2;3
5466;3;2
5467;2;2
5468;4;4
5469;2;2
5470;1;1
5471;2;2
5472;4;4
5473;2;2
5474;2;2
5478;2;2
5479;2;3
5480;2;2
5481;3;3
5482;2;2
5483;0;0
5484;0;0
5485;3;3
5486;0;0
5487;6;6
5488;4;4
5489;3;2
5490;2;2
5491;3;3
5492;4;4
5493;0;0
5494;0;0
5495;5;5
5496;7;7
5497;2;2
5498;1;1
5499;2;2
5500;1;1
5501;2;2
5502;4;4
5503;4;4
5504;2;2
5505;0;0
5506;2;2
5507;6;6
5508;3;3
5509;1;1
5510;2;2
5511;1;1
5512;1;1
5513;0;0
5514;3;3
5515;3;3
5516;2;2
5517;0;0
5518;0;0
5519;0;0
5520;3;4
5521;5;2
5522;1;1
5523;1;1
5524;5;5
5525;0;0
5526;1;1
5527;7;9
5528;0;0
5529;3;3
5530;0;0
5531;4;5
5532;1;2
5533;2;2
5534;5;6
5535;2;2
5536;0;0
5537;0;0
5538;1;2
5539;2;2
5540;0;0
5541;0;0
5542;0;0
5543;2;2
5544;4;4
5545;1;1
5546;2;2
5547;2;3
5548;3;3
5549;0;0
5550;2;2
5551;0;0
5552;4;4
5553;1;1
5554;1;1
5555;1;1
5556;4;4
5557;5;5
5558;0;0
5559;0;0
5560;0;0
5561;0;0
5562;8;8
5563;1;1
5564;1;2
5565;0;0
5566;4;2
5567;3;3
5568;2;2
5569;2;3
5570;0;0
5571;2;2
5572;0;0
5573;0;0
5574;1;1
5575;1;1
5577;2;2
5578;0;0
5579;0;0
5580;3;3
5581;3;3
5582;4;5
5583;3;3
5584;2;2
5585;2;2
5586;4;4
5587;3;3
5588;2;3
5589;3;3
5590;0;0
5591;3;3
5592;0;0
5593;3;3
5594;2;2
5595;2;2
5596;2;2
5597;3;3
5598;0;0
5599;2;2
5602;0;0
5603;0;0
5604;4;4
5605;0;0
5606;0;0
5607;0;0
5608;0;0
5609;0;0
5610;0;0
5611;0;0
5612;1;1
5613;2;2
5614;0;0
5615;0;0
5616;0;0
5617;0;0
5618;0;0
5619;0;0
5620;0;0
5621;0;0
5622;0;0
5623;0;0
5624;0;0
5625;0;0
5626;0;0
5627;0;0
5628;0;0
5629;0;0
5630;2;2
5631;0;0
5632;6;6
5633;1;1
5634;0;0
5635;0;0
5636;0;0
5637;1;1
5639;0;0
5640;0;0
5641;1;1
5642;1;1
5643;1;1
5644;0;0
5645;3;3
5646;0;0
5647;0;0
5648;0;0
5649;0;0
5650;0;0
5651;0;0
5652;2;2
5653;1;0
5654;0;0
5659;1;1
5662;0;0
5663;0;0
5664;0;0
5665;7;7
5669;0;0
5670;3;3
5671;3;3
5672;4;4
5673;18;18
5674;17;17
5675;1;1
5676;0;0
5677;0;0
5678;0;0
5679;0;0
5680;1;1
5681;0;0
5682;0;0
5683;0;0
5684;0;0
5685;0;0
5686;4;4
5687;10;14
5688;4;4
5689;0;0
5690;0;0
5691;6;6
5692;2;1
5693;1;1
5694;5;5
5695;4;4
5696;2;2
5697;4;5
5698;0;0
5699;3;3
5700;0;0
5701;2;2
5702;5;5
5703;1;1
5704;0;0
5705;0;0
5706;0;0
5707;0;0
5708;0;0
5709;1;1
5710;0;0
5711;2;2
5714;1;1
5715;4;4
5716;1;1
5717;0;0
5718;2;2
5719;1;1
5720;2;2
5721;3;3
5722;2;2
5723;1;1
5724;2;1
5725;3;3
5726;2;2
5727;2;2
5728;1;1
5729;1;1
5730;3;2
5731;1;1
5732;1;1
5733;6;4
5734;2;2
5735;1;1
5736;1;1
5737;3;2
5738;8;8
5739;1;1
5740;4;4
5741;2;2
5742;5;5
5743;0;0
5744;1;1
5745;0;0
5746;1;1
5747;3;3
5748;1;1
5749;2;2
5750;2;2
5751;1;1
5752;0;0
5753;2;2
5754;1;1
5755;0;0
5756;1;1
5757;2;2
5758;2;2
5759;1;1
5760;1;1
5761;8;8
5762;1;1
5763;1;1
5764;0;0
5765;2;2
5766;3;3
5767;1;1
5768;4;4
5769;1;1
5770;1;1
5771;1;1
5772;2;2
5773;2;2
5774;1;1
5775;1;1
5776;3;3
5777;3;3
5779;1;1
5780;14;14
5781;1;1
5782;0;0
5783;0;0
5786;0;0
5787;2;2
5788;0;0
5789;0;0
5790;0;0
5791;0;0
5792;0;0
5793;2;2
5794;3;3
5795;0;0
5796;3;3
5797;0;0
5798;3;3
5799;2;2
5800;2;2
5801;1;1
5802;1;1
5803;0;0
5806;0;0
5807;4;4
5808;0;0
5809;1;1
5810;6;6
5811;3;3
5812;0;0
5813;0;0
5814;0;0
5831;0;0
5832;2;2
5833;0;0
5834;0;0
5835;0;0
5836;0;0
5837;2;2
5838;0;0
5839;0;0
5840;1;1
5841;0;0
5842;1;1
5843;0;0
5844;4;4
5845;0;0
5847;4;4
5848;1;1
5849;0;0
5850;0;0
5851;0;0
5852;0;0
5853;0;0
5856;0;0
5857;3;3
5858;0;0
5859;2;2
5860;0;0
5861;1;2
5862;1;1
5863;0;0
5864;1;1
5865;1;1
5866;0;0
5867;1;1
5868;0;0
5869;2;2
5870;0;0
5871;0;0
5872;0;0
5873;1;1
5874;2;2
5875;3;3
5876;0;0
5877;1;1
5878;3;3
5879;0;0
5880;0;0
5881;0;0
5882;0;0
5883;1;1
5884;1;0
5885;1;1
5887;0;0
5888;0;0
5889;2;3
5890;4;4
5891;3;3
5892;3;3
5893;3;3
5894;3;3
5895;3;3
5896;1;1
5897;3;4
5898;2;2
5899;1;1
5900;2;2
5901;2;2
5902;2;2
5903;1;1
5904;3;3
5905;5;5
5906;3;3
5907;0;0
5908;11;11
5909;1;1
5910;3;2
5911;1;1
5912;2;2
5913;0;0
5914;1;1
5915;2;2
5916;2;2
5917;2;2
5918;3;3
5919;2;2
5920;2;1
5921;1;1
5922;0;0
5924;2;2
5925;2;2
5926;0;0
5927;1;1
5928;1;1
5929;0;0
5930;1;1
5931;1;1
5932;2;2
5933;6;6
5934;6;6
5935;3;3
5936;3;3
5937;2;2
5938;0;0
5939;5;6
5940;2;2
5941;1;1
5942;2;3
5943;2;2
5944;0;0
5945;0;0
5946;0;0
5947;0;0
5948;0;0
5949;1;1
5950;0;0
5951;6;5
5952;10;10
5953;0;0
5954;5;5
5959;1;1
5960;3;3
5961;3;4
5962;3;3
5963;4;3
5964;4;4
5965;6;6
5966;2;2
5967;12;13
5968;2;2
5969;2;2
5989;0;0
5990;0;0
5991;0;0
5992;0;0
5993;0;0
5994;5;5
5995;0;0
5996;3;2
5997;6;6
5998;1;1
5999;4;4
6000;1;1
6001;1;1
6002;0;0
6003;2;2
6004;0;0
6005;1;1
6006;1;1
6007;3;3
6008;9;9
6009;0;0
6010;0;0
6011;0;0
6012;1;1
6013;1;1
6014;0;0
6016;3;3
6017;0;0
6018;2;2
6019;2;2
6020;0;0
6021;3;3
6022;1;1
6023;1;1
6024;2;2
6025;1;1
6026;3;3
6027;0;0
6028;0;0
6029;0;0
6030;0;0
6031;0;0
6032;0;0
6033;0;0
6034;5;5
6036;1;1
6037;4;4
6038;2;2
6039;6;6
6040;1;1
6041;0;0
6042;0;0
6043;0;0
6044;0;0
6045;4;4
6046;2;2
6047;3;3
6048;0;0
6049;0;0
6050;0;0
6051;1;1
6052;1;1
6053;1;1
6054;3;3
6055;2;2
6056;1;1
6057;0;0
6058;1;1
6059;0;0
6060;0;0
6061;0;0
6062;0;0
6065;0;0
6066;2;2
6067;2;2
6068;0;0
6069;0;0
6070;0;0
6071;0;0
6072;3;3
6073;2;2
6074;0;0
6075;0;0
6076;0;0
6077;0;0
6078;0;0
6079;8;9
6080;4;4
6081;0;0
6082;0;0
6083;2;2
6084;2;2
6085;2;2
6086;8;8
6088;3;3
6089;4;5
6090;1;1
6091;0;0
6092;5;5
6093;2;2
6094;2;2
6095;2;2
6097;0;0
6098;2;2
6099;0;0
6100;0;0
6101;0;0
6102;0;0
6103;2;2
6104;0;0
6105;10;9
6106;2;2
6107;0;0
6108;0;0
6109;1;1
6110;1;1
6111;7;7
6112;0;0
6113;0;0
6114;1;1
6115;0;0
6116;0;0
6117;0;0
6118;0;0
6119;2;2
6120;0;0
6121;1;1
6122;1;1
6123;0;0
6124;1;1
6125;1;1
6126;0;0
6128;0;0
6130;1;1
6133;8;8
6134;1;1
6136;1;1
6137;7;7
6138;8;8
6139;4;4
6140;5;5
6141;4;4
6142;3;3
6143;8;8
6144;0;0
6145;0;0
6146;2;2
6147;33;33
6148;3;3
6149;7;7
6150;12;12
6151;4;4
6152;7;8
6153;5;5
6154;2;2
6155;0;0
6156;11;11
6157;1;1
6158;0;0
6159;2;2
6160;3;3
6161;0;0
6162;2;2
6163;0;0
6164;1;1
6165;1;1
6166;2;2
6167;0;0
6168;2;2
6169;2;2
6170;0;0
6171;0;0
6172;1;1
6173;31;32
6174;2;2
6175;0;0
6176;1;1
6177;0;0
6179;1;1
6180;1;1
6181;0;0
6182;1;1
6183;3;3
6184;2;2
6185;2;2
6186;1;1
6187;7;7
6188;4;4
6189;7;7
6190;2;2
6191;3;3
6192;1;1
6193;3;3
6194;3;3
6195;7;7
6196;0;0
6197;2;2
6198;1;1
6199;0;0
6200;0;0
6201;0;0
6202;0;0
6203;0;0
6204;3;3
6205;0;0
6206;0;0
6207;0;0
6208;0;0
6209;3;3
6210;0;0
6211;0;0
6212;3;3
6213;0;0
6214;0;0
6215;2;2
6216;2;2
6217;2;2
6218;1;1
6219;3;3
6220;2;2
6221;0;0
6222;2;2
6223;5;6
6224;0;0
6225;1;1
6226;0;0
6227;0;0
6228;0;0
6229;0;0
6230;0;0
6232;0;0
6233;0;0
6234;0;0
6235;3;3
6236;0;0
6237;2;2
6238;1;1
6239;0;0
6240;2;2
6241;4;4
6242;7;7
6243;2;2
6244;0;0
6245;2;2
6246;0;0
6247;0;0
6248;2;2
6249;2;2
6250;0;0
6251;0;0
6252;0;0
6253;1;1
6254;0;0
6255;5;5
6256;1;1
6257;0;0
6258;2;2
6259;0;0
6260;1;2
6261;0;0
6262;3;3
6263;0;0
6264;1;1
6265;1;1
6266;3;2
6267;1;2
6268;3;3
6269;4;4
6270;4;4
6271;2;2
6272;1;1
6273;0;0
6274;0;0
6275;0;0
6276;2;2
6277;0;0
6278;2;2
6279;0;0
6280;0;0
6281;2;2
6282;0;0
6283;0;0
6284;0;0
6285;3;3
6286;2;2
6287;1;1
6288;0;0
6289;2;5
6290;0;0
6291;0;0
6292;0;0
6293;0;0
6294;3;3
6295;1;1
6296;3;3
6297;1;1
6298;6;6
6299;0;0
6300;1;1
6301;3;3
6302;2;2
6303;2;2
6304;3;3
6305;0;0
6306;0;0
6307;2;2
6308;0;0
6309;2;2
6310;2;2
6311;1;1
6312;1;1
6313;0;0
6314;3;3
6315;1;1
6316;4;6
6317;2;2
6318;2;2
6319;2;2
6320;6;6
6321;1;0
6322;2;2
6323;0;0
6324;3;3
6325;2;2
6326;0;0
6327;0;0
6328;0;0
6329;1;1
6330;0;0
6331;0;0
6332;0;0
6333;2;2
6334;1;1
6335;0;0
6336;0;0
6337;2;2
6338;3;3
6339;0;0
6340;0;0
6341;80;80
6342;15;15
6343;16;16
6344;11;11
6345;87;87
6346;29;29
6347;82;82
6348;13;13
6349;7;7
6350;7;7
6351;20;20
6352;8;8
6353;21;21
6354;5;5
6355;60;59
6356;14;14
6357;19;19
6358;4;4
6359;8;8
6360;13;13
6361;24;24
6362;0;0
6363;2;2
6364;0;0
6365;6;6
6366;49;50
6367;5;6
6368;12;12
6369;0;0
6370;1;1
6371;2;2
6372;0;1
6373;1;1
6374;2;2
6375;7;7
6376;6;6
6377;3;3
6378;3;3
6379;13;13
6380;16;16
6381;6;6
6382;6;6
6383;16;16
6384;14;14
6385;18;18
6386;44;44
6387;26;26
6388;7;7
6389;0;0
6390;47;47
6391;15;15
6392;81;81
6393;17;17
6394;18;18
6395;13;13
6396;3;3
6397;9;9
6398;8;8
6399;13;13
6400;22;21
6401;6;6
6402;5;5
6403;12;12
6404;6;5
6405;0;0
6406;2;2
6407;10;10
6408;2;2
6409;4;4
6410;3;3
6411;9;9
6412;5;5
6413;8;8
6414;14;14
6415;0;0
6419;0;0
6420;0;0
6421;0;0
6422;0;0
6423;0;0
6424;0;0
6425;0;0
6426;2;2
6427;7;7
6429;7;7
6430;29;29
6431;0;0
6432;7;7
6434;25;25
6445;0;0
6446;0;0
6447;0;0
6450;0;0
6454;0;0
6455;0;0
6456;1;1
6458;0;0
6460;11;10
6464;0;0
6465;0;0
6466;1;1
6467;0;0
6477;0;0
6478;0;0
6479;0;0
6481;0;0
6482;0;0
6483;0;0
6485;6;6
6487;0;0
6489;0;0
6492;8;8
6493;10;10
6494;0;0
6497;0;0
6499;0;0
6500;0;0
6505;32;32
6506;0;0
6511;0;0
6519;0;0
6520;0;0
6522;0;0
6712;3;4
6713;3;3
6714;2;2
6715;4;4
6716;2;2
6717;3;3
6718;5;5
6719;3;3
6720;1;1
6722;4;5
6723;3;3
6724;4;4
6725;3;2
6726;0;0
6727;4;4
6728;2;2
6729;1;1
6730;2;2
6731;3;3
6732;3;4
6733;1;1
6734;1;1
6735;1;1
6737;2;2
6738;2;1
6739;2;2
6740;2;2
6741;2;2
6742;2;2
6743;10;10
6744;3;3
6745;0;0
6746;0;0
6747;6;6
6748;1;1
6749;1;1
6751;0;0
6752;2;2
6753;5;5
6754;0;0
6755;4;4
6756;1;1
6757;1;1
6758;4;3
6759;0;0
6760;2;2
6761;0;0
6762;0;0
6763;1;1
6764;0;0
6765;1;1
6766;1;1
6767;1;1
6768;2;2
6769;2;2
6771;1;1
6772;3;3
6773;3;4
6774;0;0
6775;3;4
6776;11;12
6777;3;3
6778;3;3
6779;2;2
6780;1;1
6781;1;1
6782;3;3
6783;1;1
6784;1;1
6785;0;0
6786;0;0
6787;0;0
6788;6;6
6789;4;4
6790;1;1
6791;0;0
6792;1;1
6793;1;1
6794;2;2
6795;4;4
6797;0;0
6798;0;0
6799;0;0
6800;1;1
6803;2;2
6805;0;0
6806;0;0
6807;0;0
6808;0;0
6809;0;0
6814;1;1
6816;0;0
6819;0;0
6823;0;0
6824;0;0
6825;1;1
6826;0;0
6829;0;0
6830;0;0
6832;0;0
6833;0;0
6834;0;0
6837;2;2
6838;0;0
6839;3;2
6840;0;0
6841;0;0
6843;0;0
6844;0;0
6845;0;0
6849;0;0
6853;0;0
6855;0;0
6859;0;0
6860;0;0
6862;0;0
6866;0;0
6867;0;0
6868;0;0
6870;0;0
6871;0;0
6873;0;0
6876;0;0
6877;0;0
6878;0;0
6880;1;1
6881;1;1
6883;1;1
6886;0;0
6887;0;0
6894;0;0
6896;0;0
6897;0;0
6898;0;0
6899;0;0
6905;0;0
6906;0;0
6907;0;0
6908;0;0
6909;0;0
6910;0;0
6911;0;0
6914;0;0
6915;0;0
6916;1;1
6917;0;0
6918;0;0
6922;0;0
6924;1;1
6926;2;2
6927;0;0
6928;0;0
6929;0;0
6930;0;0
6931;0;0
6932;0;0
6933;1;1
6934;0;0
6936;0;0
6937;0;0
6939;0;0
6940;1;1
6943;3;3
6944;10;10
6945;3;3
6947;0;0
6948;0;0
6949;2;2
6950;0;0
6951;0;0
6952;0;0
6955;8;8
6956;0;0
6957;2;2
6958;2;2
6959;2;2
6960;3;3
6961;0;0
6963;5;5
6967;0;0
6968;0;0
6969;7;7
6973;0;0
6974;1;1
6975;0;0
6984;0;0
6985;0;0
6986;0;0
6989;1;1
6990;0;0
6991;0;0
6992;6;6
6993;0;0
6994;0;0
6995;0;0
6996;0;0
6997;0;0
6998;0;0
6999;0;0
7000;0;0
7001;2;2
7003;2;2
7009;0;0
7010;0;0
7011;0;0
7012;0;0
7013;0;0
7014;0;0
7015;0;0
7016;0;0
7017;0;0
7018;1;1
7019;0;0
7020;0;0
7021;0;0
7022;0;0
7023;0;0
7025;0;0
7026;0;0
7027;0;0
7030;0;0
7033;0;0
7035;0;0
7036;0;0
7037;0;0
7042;0;0
7046;0;0
7047;0;0
7048;0;0
7051;1;1
7052;0;0
7053;0;0
7054;1;1
7056;18;17
7058;0;0
7059;2;2
7060;0;0
7061;0;0
7062;1;2
7063;0;0
7064;2;2
7065;1;1
7066;3;3
7067;3;3
7068;1;1
7069;0;0
7070;1;1
7071;1;1
7072;0;0
7073;6;6
7074;1;1
7075;0;0
7076;1;1
7077;0;0
7078;6;6
7079;0;0
7080;0;0
7081;2;2
7082;1;1
7083;1;1
7085;0;0
7086;0;0
7087;4;3
7088;8;12
7089;0;0
7090;3;3
7092;2;2
7093;3;3
7094;2;2
7095;3;3
7096;4;3
7097;2;2
7098;4;4
7101;0;0
7103;0;0
7105;2;2
7106;0;0
7107;2;2
7108;5;3
7111;3;3
7114;2;2
7115;2;2
7116;1;1
7117;2;4
7120;0;0
7121;1;1
7122;1;1
7123;0;0
7125;0;0
7126;0;0
7128;4;4
7129;0;0
7130;0;0
7131;0;0
7134;0;0
7135;1;1
7136;1;1
7140;0;0
7142;3;3
7143;0;0
7146;3;3
7148;1;1
7154;1;1
7157;1;1
7158;1;1
7159;1;1
7160;1;1
7161;0;1
7162;1;1
7177;4;4
7178;4;4
7179;4;4
7180;4;2
7181;4;4
7182;2;2
7183;4;4
7184;5;4
7185;4;4
7186;3;3
7187;4;5
7188;4;4
7190;5;5
7191;4;4
7192;6;5
7194;1;1
7195;1;1
7198;0;0
7199;2;2
7201;3;3
7202;1;1
7203;1;1
7204;0;0
7205;3;3
7206;4;5
7207;3;4
7208;2;2
7209;1;2
7210;0;0
7213;3;3
7214;1;1
7217;3;3
7220;2;2
7221;0;0
7222;0;0
7226;0;0
7229;0;0
7230;0;0
7233;0;0
7235;1;1
7236;1;1
7240;2;2
7242;1;1
7244;0;0
7245;0;0
7246;1;1
7251;0;0
7252;4;4
7253;2;2
7254;0;0
7255;3;3
7256;0;0
7259;0;0
7260;0;0
7261;0;0
7262;0;0
7263;0;0
7264;0;0
7265;0;0
7266;2;2
7267;0;0
7268;0;0
7269;0;0
7272;0;0
7273;0;0
7274;0;0
7275;3;3
7277;1;1
7278;0;0
7280;0;0
7291;0;0
7292;0;0
7293;0;0
7294;0;0
7295;0;0
7296;0;0
7297;0;0
7301;0;0
7302;0;0
7307;0;0
7309;1;1
7311;0;0
7312;0;0
7313;1;1
7320;0;0
7323;0;0
7324;0;0
7325;0;0
7330;0;0
7331;0;0
7332;0;0
7333;0;0
7334;0;0
7335;0;0
7336;0;0
7338;0;0
7339;0;0
7340;0;0
7341;0;0
7343;0;0
7346;0;0
7347;0;0
7348;0;0
7349;0;0
7350;0;0
7351;0;0
7352;0;0
7353;0;0
7354;0;0
7355;2;2
7357;0;0
7359;1;1
7360;0;0
7361;0;0
7362;0;0
7363;0;0
7364;3;3
7367;3;3
7368;1;1
7369;0;1
7370;0;1
7371;0;0
7372;1;1
7373;6;6
7374;1;0
7375;1;1
7376;4;4
7377;0;0
7378;0;0
7379;0;0
7380;3;3
7381;0;0
7382;1;1
7383;0;0
7384;0;0
7394;1;1
7395;1;1
7396;0;0
7397;0;0
7398;1;1
7399;1;1
7406;0;0
7407;0;0
7408;0;0
7409;0;0
7411;0;0
7413;0;0
7414;0;0
7415;0;0
7416;0;0
7417;3;3
7418;0;0
7419;0;0
7420;0;0
7421;0;0
7422;0;0
7423;0;0
7424;3;4
7426;0;0
7427;0;0
7428;0;0
7429;0;0
7432;0;0
7437;0;0
7442;0;0
7443;0;0
7446;0;0
7448;0;0
7449;0;0
7450;1;1
7451;0;0
7452;0;0
7453;9;9
7454;0;0
7455;0;0
7456;2;2
7459;1;1
7461;0;0
7464;0;0
7465;0;0
7466;0;0
7467;0;0
7468;0;0
7469;0;0
7470;1;1
7472;0;0
7473;0;0
7474;0;0
7475;0;0
7476;0;0
7480;0;0
7481;0;0
7483;0;0
7484;0;0
7485;0;0
7486;0;0
7487;0;0
7488;0;0
7489;0;0
7490;11;10
7492;0;0
7494;0;0
7495;0;0
7496;0;0
7497;0;0
7498;0;0
7499;0;0
7500;0;0
7501;0;0
7503;11;11
7504;1;1
7506;6;6
7508;3;3
7510;0;0
7511;0;0
7513;0;0
7514;0;0
7516;0;0
7517;0;0
7518;0;0
7519;3;3
7521;0;0
7522;0;0
7523;0;0
7531;0;0
7532;4;4
7533;0;0
7536;0;0
7538;0;0
7542;0;0
7544;0;0
7546;5;5
7547;1;1
7548;0;0
7549;0;0
7550;0;0
7551;0;0
7552;0;0
7556;0;0
7557;0;0
7558;1;1
7559;0;0
7560;0;0
7563;7;6
7565;0;0
7566;0;0
7569;0;0
7570;0;0
7571;0;0
7572;0;0
7573;0;0
7574;0;0
7575;0;0
7576;0;0
7577;2;3
7578;0;0
7579;3;3
7580;0;0
7581;0;0
7582;0;0
7583;0;0
7584;1;1
7586;0;0
7587;0;0
7588;0;0
7589;0;0
7590;0;0
7591;0;0
7592;0;0
7593;0;0
7594;0;0
7595;0;0
7596;0;0
7597;0;0
7598;0;0
7599;0;0
7600;0;0
7601;0;0
7610;0;0
7611;0;0
7615;0;0
7616;2;2
7617;1;2
7618;2;2
7619;0;0
7621;0;0
7622;0;0
7627;0;0
7629;0;0
7630;0;0
7633;0;0
7634;2;2
7642;5;5
7646;0;0
7647;0;0
7648;0;0
7649;0;0
7650;0;0
7651;0;0
7652;0;0
7653;0;0
7654;0;0
7655;0;0
7656;0;0
7657;2;2
7658;0;0
7659;0;0
7660;0;0
7662;0;0
7663;0;0
7669;7;7
7670;0;0
7671;0;0
7673;0;0
7674;0;0
7675;0;0
7683;0;0
7684;0;0
7685;0;0
7686;0;0
7690;0;0
7691;0;0
7692;0;0
7693;0;0
7694;0;0
7700;0;0
7701;0;0
7702;0;0
7703;0;0
7704;0;0
7710;0;0
7711;0;0
7712;0;0
7714;0;0
7716;0;0
7717;0;0
7720;0;0
7721;0;0
7722;0;0
7723;0;0
7724;0;0
7725;0;0
7726;0;0
7727;0;0
7728;0;0
7730;0;0
7731;0;0
7732;0;0
7738;0;0
7766;0;0
7767;0;0
7768;0;0
7769;0;0
7772;0;0
7773;0;0
7774;1;1
7775;0;0
7776;0;0
7777;0;0
7778;0;0
7780;0;0
7782;0;0
7787;0;0
7792;0;0
7800;0;0
7804;0;0
7805;0;0
7806;0;0
7809;0;0
7810;0;0
7811;0;0
7812;0;0
7813;0;0
7814;0;0
7815;0;0
7816;0;0
7817;0;0
7818;0;0
7820;0;0
7821;2;2
7822;0;0
7826;0;0
7827;0;0
7828;0;0
7830;0;0
7831;0;0
7834;0;0
7835;0;0
7836;0;0
7837;0;0
7838;0;0
7839;0;0
7840;0;0
7841;0;0
7846;0;0
7847;0;0
7848;0;0
7849;0;0
7853;0;0
7854;0;0
7855;0;0
7856;0;0
7857;0;0
7859;0;0
7861;0;0
7862;5;5
7863;2;2
7867;0;0
7868;0;0
7869;0;0
7870;0;0
7871;0;0
7872;0;0
7875;0;0
7879;0;0
7880;0;0
7885;0;0
7886;0;0
7888;0;0
7889;0;0
7892;0;0
7893;0;0
7894;2;2
7902;0;0
7903;0;0
7904;0;0
7905;0;0
7906;0;0
7907;0;0
7908;0;0
7909;0;0
7910;0;0
7911;0;0
7912;0;0
7913;0;0
7918;0;0
7924;0;0
7925;0;0
7928;0;0
7929;0;0
7930;0;0
7931;0;0
7932;2;2
7933;0;0
7935;0;0
7936;0;0
7938;0;0
7939;0;0
7941;0;0
7946;0;0
7947;0;0
7948;0;0
7962;1;1
7963;0;0
7976;3;3
7978;0;0
7979;0;0
7980;0;0
7981;0;0
7982;0;0
7983;0;0
7984;0;0
7985;0;0
7986;0;0
7987;3;3
7990;0;0
7991;0;0
7998;0;0
7999;0;0
8000;0;0
8005;0;0
8006;0;0
8007;0;0
8029;0;0
8030;0;0
8031;0;0
8032;0;0
8033;0;0
8034;0;0
8035;0;0
8038;0;0
8039;0;0
8042;0;0
8043;2;2
8050;0;0
8051;0;0
8052;0;0
8053;0;0
8054;0;0
8055;0;0
8062;0;0
8063;0;0
8069;0;0
8070;0;0
8075;0;0
8076;48;44
8077;0;0
8079;0;0
8080;0;0
8083;0;0
8084;0;0
8085;0;0
8086;0;0
8087;0;0
8088;0;0
8089;0;0
8090;0;0
8091;0;0
8092;0;0
8093;0;0
8094;0;0
8095;0;0
8096;0;0
8097;0;0
8098;0;0
8099;0;0
8100;0;0
8101;0;0
8102;0;0
8103;0;0
8104;0;0
8105;0;0
8106;0;0
8107;0;0
8108;0;0
8109;0;0
8110;0;0
8111;0;0
8112;0;0
8113;0;0
8114;0;0
8115;0;0
8116;0;0
8117;0;0
8118;0;0
8119;0;0
8120;0;0
8121;0;0
8122;0;0
8123;0;0
8124;0;0
8126;0;0
8127;0;0
8130;0;0
8133;0;0
8134;0;0
8135;0;0
8136;0;0
8137;0;0
8138;0;0
8139;0;0
8140;0;0
8141;0;0
8142;0;0
8143;0;0
8146;0;0
8147;0;0
8148;0;0
8149;0;0
8152;0;0
8162;0;0
8165;0;0
8177;0;0
8178;0;0
8179;0;0
8180;2;2
8182;0;0
8187;0;0
8188;0;0
8189;0;0
8194;0;0
8195;0;0
8199;3;2
8200;3;3
8208;1;1
8209;1;1
8215;0;0
8216;0;0
8217;2;2
8218;0;0
8219;0;0
8220;0;0
8221;0;0
8223;1;1
8224;0;0
8225;2;2
8227;5;5
8228;0;0
8229;0;0
8230;0;0
8233;0;0
8234;0;0
8235;9;9
8236;0;0
8237;1;2
8238;3;3
8239;1;2
8240;1;1
8241;1;0
8242;1;1
8243;1;1
8244;0;0
8245;0;0
8246;0;0
8247;1;1
8248;0;0
8249;0;0
8250;0;0
8252;0;0
8253;0;0
8254;0;0
8255;0;0
8256;1;1
8257;0;0
8258;1;1
8259;0;3
8260;0;0
8265;0;0
8266;6;6
8273;0;0
8274;0;0
8276;0;0
8277;0;0
8278;0;0
8280;0;0
8281;0;0
8282;0;0
8283;0;0
8284;0;0
8285;0;0
8286;0;0
8287;0;0
8288;0;0
8289;0;0
8290;0;0
8291;0;0
8292;0;0
8293;0;0
8294;0;0
8295;0;0
8296;0;0
8297;0;0
8298;0;0
8299;0;0
8300;0;0
8302;0;0
8303;0;0
8305;0;0
8306;0;0
8308;0;0
8312;0;0
8313;0;0
8314;4;4
8318;0;0
8319;0;0
8320;0;0
8321;0;0
8322;0;0
8323;0;0
8328;0;0
8331;0;0
8332;0;0
8333;0;0
8334;0;0
8335;0;0
8336;0;0
8337;0;0
8340;0;0
8341;0;0
8342;0;0
8343;0;0
8344;0;0
8347;0;0
8348;0;0
8349;0;0
8350;0;0
8351;0;0
8352;0;0
8353;0;0
8354;0;0
8355;1;1
8356;0;0
8357;0;0
8358;0;0
8359;0;0
8360;0;0
8361;0;0
8362;0;0
8363;0;0
8364;0;0
8365;0;0
8366;0;0
8367;0;0
8379;0;0
8380;0;0
8394;0;0
8395;0;0
8397;0;0
8401;16;16
8403;0;0
8404;0;0
8405;0;0
8406;0;0
8407;6;6
8409;0;0
8410;0;0
8412;0;0
8414;26;26
8417;6;6
8419;0;0
8423;0;0
8426;0;0
8427;0;0
8428;4;4
8430;0;0
8431;0;0
8432;0;0
8435;0;0
8438;0;0
8443;0;0
8445;0;0
8446;0;0
8459;0;0
8460;0;0
8461;0;0
8462;0;0
8467;0;0
8468;0;0
8469;0;0
8472;0;0
8473;0;0
8474;0;0
8475;0;0
8476;0;0
8477;0;0
8482;0;0
8493;0;0
8494;0;0
8495;0;0
8496;0;0
8497;0;0
8499;0;0
8500;0;0
8501;0;0
8502;0;0
8503;0;0
8504;0;0
8505;0;0
8506;0;0
8507;0;0
8508;0;0
8509;0;0
8510;0;0
8511;0;0
8512;0;0
8513;0;0
8514;0;0
8515;0;0
8516;0;0
8517;0;0
8519;0;0
8520;0;0
8524;0;0
8526;0;0
8528;0;0
8532;0;0
8538;0;0
8542;0;0
8544;0;0
8545;0;0
8548;0;0
8550;0;0
8553;0;0
8555;0;0
8556;0;0
8559;0;0
8560;0;0
8565;0;0
8577;0;0
8593;0;0
8601;0;0
8603;0;0
8604;0;0
8606;0;0
8608;0;0
8609;0;0
8610;0;0
8611;0;0
8612;0;0
8613;0;0
8614;0;0
8615;0;0
8616;0;0
8617;0;0
8618;0;0
8619;0;0
8620;0;0
8621;0;0
8622;0;0
8623;0;0
8624;0;0
8625;0;0
8626;0;0
8627;0;0
8628;7;7
8630;5;5
8631;0;0
8632;0;0
8633;0;0
8634;0;0
8639;0;0
8641;0;0
8644;0;0
8646;0;0
8648;0;0
8653;0;0
8654;0;0
8655;0;0
8658;0;0
8660;0;0
8661;0;0
8663;0;0
8664;0;0
8665;0;0
8666;0;0
8667;0;0
8669;0;0
8670;0;0
8671;0;0
8681;0;0
8682;0;0
8683;0;0
8684;0;0
8689;0;0
8690;0;0
8691;0;0
8692;0;0
8693;0;0
8694;0;0
8695;0;0
8696;0;0
8698;0;0
8700;0;0
8701;0;0
8702;0;0
8703;0;0
8706;0;0
8707;0;0
8708;0;0
8709;0;0
8710;0;0
8711;0;0
8712;0;0
8713;0;0
8714;0;0
8715;0;0
8717;0;0
8718;0;0
8721;0;0
8722;0;0
8723;0;0
8740;1;1
8742;0;0
8743;0;0
8744;0;0
8745;0;0
8746;0;0
8747;0;0
8750;0;0
8751;0;0
8752;0;0
8759;0;0
8761;0;0
8762;0;0
8763;0;0
8771;0;0
8772;0;0
8773;0;0
8774;2;2
8775;1;1
8776;0;0
8777;0;0
8780;0;0
8782;1;1
8784;0;0
8785;0;0
8789;0;0
8790;0;0
8792;0;0
8793;0;0
8796;0;0
8798;0;0
8801;0;0
8802;0;0
8804;0;0
8807;7;7
8808;0;0
8809;0;0
8811;0;0
8812;0;0
8813;0;0
8815;0;0
8820;0;0
8821;0;0
8822;0;0
8823;0;0
8824;0;0
8825;0;0
8831;0;0
8833;0;0
8834;0;0
8835;0;0
8838;0;0
8839;0;0
8840;0;0
8845;3;3
8846;0;0
8847;0;0
8848;0;0
8850;0;0
8853;0;0
8854;0;0
8855;0;0
8859;0;0
8860;0;0
8861;0;0
8862;0;0
8864;0;0
8866;0;0
8867;0;0
8868;0;0
8869;0;0
8870;0;0
8871;0;0
8872;0;0
8873;0;0
8874;0;0
8875;0;0
8876;18;18
8877;0;0
8880;0;0
8888;0;0
8890;0;0
8892;2;2
8893;0;0
8894;0;0
8914;1;1
8918;0;0
8925;0;0
8926;0;0
8927;0;0
8928;0;0
8931;0;0
8933;0;0
8935;0;0
8943;0;0
8944;1;1
8946;0;0
8948;0;0
8949;7;6
8950;0;0
8951;0;0
8952;0;0
8953;0;0
8954;0;0
8958;0;0
8961;2;2
8963;0;0
8965;0;0
8966;0;0
8967;0;0
8968;0;0
8969;0;0
8971;0;0
8972;0;0
8974;0;0
8975;0;0
8980;0;0
8982;0;0
8983;0;0
8984;0;0
8989;0;0
8994;0;0
8995;0;0
8996;0;0
8998;0;0
9001;0;0
9002;0;0
9004;0;0
9006;0;0
9008;0;0
9025;8;8
9026;5;5
9042;0;0
9044;5;5
9045;1;1
9048;0;0
9054;0;0
9062;0;0
9065;0;0
9066;0;0
9068;0;0
9075;0;0
9076;0;0
9079;0;0
9088;0;0
9089;0;0
9090;3;3
9091;0;0
9093;0;0
9095;0;0
9096;0;0
9100;0;0
9102;0;0
9103;0;0
9104;0;0
9107;6;6
9120;0;0
9123;0;0
9124;0;0
9125;0;0
9126;0;0
9127;0;0
9129;0;0
9132;0;0
9134;0;0
9136;0;0
9137;0;0
9138;0;0
9139;0;0
9140;0;0
9141;0;0
9147;0;0
9148;0;0
9149;0;0
9156;0;0
9162;0;0
9163;0;0
9164;0;0
9175;0;0
9178;0;0
9179;0;0
9182;0;0
9183;0;0
9184;0;0
9185;0;0
9186;0;0
9187;0;0
9188;0;0
9189;0;0
9190;0;0
9191;0;0
9193;0;0
9199;0;0
9205;0;0
9207;0;0
9215;0;0
9218;0;0
9225;0;0
9226;0;0
9227;0;0
9228;0;0
9229;3;3
9232;0;0
9233;0;0
9236;0;0
9237;0;0
9238;0;0
9239;0;0
9240;0;0
9241;0;0
9243;0;0
9244;0;0
9245;0;0
9247;0;0
9248;0;0
9249;0;0
9251;0;0
9252;0;0
9253;0;0
9255;0;0
9273;1;1
9276;0;0
9277;0;0
9290;0;0
9305;0;0
9311;2;2
9317;0;0
9327;8;8
9348;0;0
9371;0;0
9372;0;0
9373;0;0
9374;0;0
9376;0;0
9377;0;0
9378;0;0
9379;0;0
9380;0;0
9386;2;2
9388;0;0
9390;0;0
9391;0;0
9392;0;0
9393;0;0
9394;0;0
9395;0;0
9396;0;0
9397;0;0
9399;0;0
9400;0;0
9402;0;0
9403;0;0
9406;0;0
9407;0;0
9408;0;0
9409;0;0
9411;0;0
9412;0;0
9413;0;0
9414;0;0
9415;0;0
9416;0;0
9417;0;0
9418;0;0
9419;0;0
9428;0;0
9429;0;0
9447;0;0
9448;0;0
9450;0;0
9474;0;0
9475;0;0
9481;0;0
9484;0;0
9488;0;0
9492;0;0
9500;0;0
9511;0;0
9521;0;0
9528;0;0
9532;0;0
9533;0;0
9542;0;0
9543;1;1
9544;0;0
9545;0;0
9546;0;0
9547;0;0
9739;1;1
9744;1;1
9746;0;0
9749;0;0
9753;0;0
9754;0;0
9759;0;0
9760;0;0
9761;0;0
9763;0;0
9768;1;1
9769;0;0
9771;1;1
9772;0;0
9773;0;0
9774;1;1
9776;0;0
9777;0;0
9778;0;0
9779;0;0
9780;0;0
9781;0;0
9782;0;0
9783;0;0
9784;0;0
9786;0;0
9787;0;0
9788;0;0
9789;0;0
9790;0;0
9791;0;0
9792;0;0
9793;0;0
9794;0;0
9795;0;0
9796;0;0
9797;0;0
9798;0;0
9799;0;0
9800;0;0
9805;0;0
9806;0;0
9808;0;0
9818;0;0
9819;0;0
9820;0;0
9821;0;0
9824;3;3
9825;0;0
9826;1;1
9828;1;1
9829;1;1
9830;0;0
9831;0;0
9832;0;0
9844;3;3
9846;15;15
9847;0;0
9848;2;2
9849;4;4
9850;0;0
9853;0;0
9854;0;0
9857;0;0
9860;0;0
9861;0;0
9862;0;0
9863;0;0
9864;0;0
9866;0;0
9868;0;0
9872;0;0
9873;0;0
9874;0;0
9875;0;0
9886;0;0
9887;1;1
9888;1;1
9889;1;1
9890;0;0
9891;0;0
9892;0;0
9897;0;0
9898;1;1
9899;0;0
9901;0;0
9902;0;0
9904;1;1
9905;2;2
9935;0;0
9937;0;0
9938;0;0
9939;0;0
9942;0;0
9943;0;0
10017;0;0
10057;0;0
10061;0;0
10062;0;0
10069;0;0
10080;0;0
10089;0;0
10096;0;0
10102;0;0
10103;0;0
10104;0;0
10105;0;0
10106;0;0
10107;0;0
10110;0;0
10114;0;0
10116;0;0
10117;0;0
10121;0;0
10122;0;0
10123;0;0
10128;0;0
10129;0;0
10130;0;0
10131;0;0
10132;0;0
10133;0;0
10134;0;0
10135;0;0
10137;0;0
10138;0;0
10139;0;0
10140;0;0
10141;0;0
10142;0;0
10144;0;0
10145;0;0
10148;0;0
10149;0;0
10151;0;0
10154;0;0
10155;0;0
10156;0;0
10157;0;0
10160;2;2
10161;0;0
10162;0;0
10163;0;0
10164;0;0
10165;0;0
10166;0;0
10169;0;0
10171;0;0
10173;0;0
10178;0;0
10184;0;0
10185;0;0
10186;0;0
10295;0;0
10360;0;0
10363;0;0
10370;0;0
10371;0;0
10378;0;0
10544;0;0
10545;0;0
10611;0;0
10617;0;0
10618;0;0
10723;0;0
10744;0;0
10745;0;0
10746;0;0
10747;0;0
10748;0;0
10750;0;0
10751;0;0
10752;0;0
10753;0;0
10776;0;0
10794;0;0
10800;0;0
10802;0;0
10803;0;0
10804;0;0
10831;0;0
10934;0;0
10938;0;0
10939;0;0
10941;1;1
10942;0;0
10949;0;0
10951;0;0
10952;0;0
11004;0;0
11005;0;0
11008;0;0
11009;0;0
11010;0;0
11011;0;0
11012;0;0
11017;0;0
11022;0;0
11030;0;0
11031;0;0
11032;0;0
11035;0;0
11038;0;0
11048;0;0
11049;0;0
11053;0;0
11054;0;0
11055;0;0
11067;0;0
11068;0;0
11069;0;0
11070;0;0
11071;0;0
11072;0;0
11073;0;0
11074;0;0
11075;0;0
11076;0;0
11077;0;0
11078;0;0
11079;0;0
11080;0;0
11081;0;0
11082;0;0
11084;0;0
11086;0;0
11087;0;0
11088;0;0
11089;0;0
11090;0;0
11091;0;0
11092;0;0
11093;0;0
11094;0;0
11095;0;0
11096;0;0
11097;0;0
11098;0;0
11099;0;0
11100;0;0
11101;0;0
11102;0;0
11103;0;0
11110;0;0
11111;0;0
11127;0;0
11131;0;0
11132;0;0
11133;0;0
11134;0;0
11139;0;0
11140;0;0
11141;0;0
11142;0;0
11143;0;0
11144;0;0
11145;0;0
11146;0;0
11153;0;0
11170;0;0
11175;0;0
11176;0;0
11177;0;0
11178;0;0
11179;0;0
11180;0;0
11181;0;0
11182;0;0
11193;0;0
11194;0;0
11195;0;0
11198;0;0
11199;0;0
11200;0;0
11201;0;0
11202;0;0
11203;0;0
11204;0;0
11205;0;0
11206;0;0
11207;0;0
11208;0;0
11209;0;0
11210;0;0
11211;0;0
11212;0;0
11229;2;2
11230;1;1
11243;0;0
11255;0;0
11257;2;2
11258;1;1
11268;0;0
11269;0;0
11270;0;0
11272;0;0
11273;0;0
11274;0;0
11277;0;0
11288;0;0
11290;1;1
11291;0;0
11292;0;0
11293;0;0
11295;0;0
11299;0;0
11312;0;0
11328;0;0
11332;0;0
11352;0;0
11353;0;0
11354;0;0
11355;0;0
11357;0;0
11386;0;0
11389;0;0
11401;0;0
11406;0;0
11407;0;0
11431;0;0
11433;0;0
11436;1;1
11438;0;0
11452;0;0
11479;0;0
11498;1;1
11524;0;0
11583;0;0
11638;0;0
11644;0;0
11649;0;0
11658;0;0
11673;0;0
11684;0;0
11700;0;0
11702;0;0
11717;0;0
11718;0;0
11719;0;0
11720;0;0
11721;0;0
11722;0;0
11735;0;0
11737;0;0
11738;0;0
11739;0;0
11740;0;0
11742;0;0
11743;0;0
11744;0;0
11745;0;0
11747;0;0
11748;0;0
11749;0;0
11750;0;0
11751;0;0
11752;0;0
11753;0;0
11754;0;0
11755;0;0
11756;0;0
11757;0;0
11758;0;0
11759;0;0
11760;0;0
11761;0;0
11762;0;0
11763;0;0
11764;0;0
11765;0;0
11766;0;0
11767;0;0
11768;0;0
11769;0;0
11770;0;0
11771;0;0
11772;0;0
11773;0;0
11774;0;0
11775;0;0
11776;0;0
11777;0;0
11778;0;0
11779;0;0
11780;0;0
11781;0;0
11782;0;0
11783;0;0
11784;0;0
11785;0;0
11786;0;0
11787;0;0
11788;0;0
11789;0;0
11790;0;0
11791;0;0
11792;0;0
11793;0;0
11794;0;0
11795;0;0
11796;0;0
11797;0;0
11798;0;0
11799;0;0
11800;0;0
11801;0;0
11802;0;0
11803;0;0
11804;0;0
11805;0;0
11806;0;0
11807;0;0
11808;0;0
11809;0;0
11810;0;0
11811;0;0
11812;0;0
11813;0;0
11814;0;0
11815;0;0
11816;0;0
11817;0;0
11818;0;0
11819;0;0
11820;0;0
11821;0;0
11822;0;0
11823;0;0
11824;0;0
11825;0;0
11826;0;0
11827;0;0
11828;0;0
11829;0;0
11830;0;0
11831;0;0
11832;0;0
11833;0;0
11834;0;0
11835;0;0
11836;0;0
11837;0;0
11838;0;0
11839;0;0
11840;0;0
11841;0;0
11842;0;0
11843;0;0
11844;0;0
11845;0;0
11846;0;0
11847;0;0
11848;0;0
11849;0;0
11850;0;0
11851;0;0
11852;0;0
11853;0;0
11854;0;0
11855;0;0
11856;0;0
11857;0;0
11858;0;0
11859;0;0
11860;0;0
11861;0;0
11862;0;0
11863;0;0
11864;0;0
11865;0;0
11866;0;0
11867;0;0
11868;0;0
11869;0;0
11870;0;0
11871;0;0
11872;0;0
11873;0;0
11874;0;0
11875;0;0
11876;0;0
11877;0;0
11878;0;0
11879;0;0
11880;0;0
11881;0;0
11882;0;0
11883;0;0
11884;0;0
11885;0;0
11886;0;0
11887;0;0
11888;0;0
11889;0;0
11890;0;0
11891;0;0
11892;0;0
11893;0;0
11894;0;0
11895;0;0
11896;0;0
11897;0;0
11898;0;0
11899;0;0
11900;0;0
11901;0;0
11902;0;0
11903;0;0
11904;0;0
11905;0;0
11906;0;0
11907;0;0
11908;0;0
11909;0;0
11910;0;0
11911;0;0
11912;0;0
11913;0;0
11914;0;0
11915;0;0
11916;0;0
11917;0;0
11918;0;0
11919;0;0
11920;0;0
11921;0;0
11923;0;0
11924;0;0
11925;0;0
11926;0;0
11927;0;0
11928;0;0
11929;0;0
11930;0;0
11931;0;0
11932;0;0
11933;0;0
11934;0;0
11935;0;0
11936;0;0
11937;0;0
11938;0;0
11939;0;0
11940;0;0
11941;0;0
11942;0;0
11943;0;0
11944;0;0
11945;0;0
11946;0;0
11947;0;0
11948;0;0
11949;0;0
11950;0;0
11951;0;0
11952;0;0
11953;0;0
11954;0;0
11955;0;0
11956;0;0
11957;0;0
11958;0;0
11959;0;0
11960;0;0
11961;0;0
11962;0;0
11963;0;0
11964;0;0
11965;0;0
11966;0;0
11967;0;0
11968;0;0
11969;0;0
11970;0;0
11971;0;0
11972;0;0
11973;0;0
11974;0;0
11975;0;0
11976;0;0
11977;0;0
11978;0;0
11979;0;0
11980;0;0
11981;0;0
11982;0;0
11983;0;0
11984;0;0
11985;0;0
11986;0;0
11987;0;0
11988;0;0
11989;0;0
11990;0;0
11991;0;0
11992;0;0
11993;0;0
11994;0;0
11995;0;0
11996;0;0
11997;0;0
11998;0;0
12002;0;0
12003;0;0
12004;0;0
12005;0;0
12006;0;0
12007;0;0
12008;0;0
12009;0;0
12010;0;0
12011;0;0
12012;0;0
12013;0;0
12014;0;0
12015;0;0
12016;0;0
12017;0;0
12018;0;0
12019;0;0
12020;0;0
12021;0;0
12022;0;0
12023;0;0
12024;0;0
12025;0;0
12026;0;0
12027;0;0
12028;0;0
12029;0;0
12030;0;0
12031;0;0
12032;0;0
12033;0;0
12034;0;0
12035;0;0
12036;0;0
12037;0;0
12038;0;0
12039;0;0
12040;0;0
12041;0;0
12042;0;0
12043;0;0
12044;0;0
12045;0;0
12046;0;0
12047;0;0
12048;0;0
12049;0;0
12050;0;0
12051;0;0
12052;0;0
12053;0;0
12054;0;0
12055;0;0
12056;0;0
12057;0;0
Plithos stoixewn pou ektypwthikan 7184 in time 6199.014647
Mesos oros anazhthshs  0.019100
