Routes:67290,Airports found:132920,Airports not found:1660
1;5;5
2;8;8
3;10;12
4;11;11
5;52;50
6;6;6
7;5;5
8;9;9
9;8;8
10;2;2
11;1;1
12;1;1
13;0;0
14;0;0
15;1;1
16;45;46
17;0;0
18;5;5
19;0;0
20;0;0
21;4;4
22;0;0
23;0;0
24;3;3
25;0;0
26;0;0
27;6;6
28;4;4
29;6;6
30;6;6
31;1;1
32;6;6
33;2;2
34;2;2
35;0;0
36;2;2
37;5;5
38;0;0
39;0;0
40;4;4
41;6;5
42;0;0
43;0;0
44;0;0
45;7;8
46;0;0
47;0;0
48;2;2
49;68;71
50;7;7
51;0;0
52;0;0
53;0;0
54;8;8
55;18;18
56;4;4
57;0;0
58;4;5
59;0;0
60;2;2
61;1;1
62;3;3
63;2;2
64;0;0
65;3;3
66;0;0
67;4;3
68;3;3
69;4;5
70;4;4
71;4;4
72;3;3
73;43;52
74;0;0
75;3;3
76;0;0
77;1;1
78;5;5
79;3;3
80;5;5
81;0;0
82;0;0
83;0;0
84;0;0
85;1;1
86;0;0
87;15;15
88;0;0
89;0;0
90;12;13
91;3;3
92;0;0
93;0;0
94;6;6
95;0;0
96;0;0
97;0;0
98;0;0
99;2;2
100;45;44
101;0;0
102;0;0
103;0;0
104;0;0
105;1;1
106;2;2
107;0;0
108;2;2
109;2;2
110;0;0
111;28;29
112;3;3
113;3;3
114;0;0
115;3;3
116;1;1
117;10;10
119;7;7
120;16;17
121;13;14
122;4;4
123;0;0
124;0;0
125;3;3
126;2;2
127;4;4
128;2;2
129;0;0
130;0;0
131;0;0
132;25;23
133;6;5
134;0;0
135;3;3
136;4;4
137;0;0
138;0;0
139;2;2
140;3;3
141;6;7
142;0;0
143;5;6
144;14;14
145;1;1
146;185;186
147;3;5
148;4;4
149;5;5
150;0;0
151;0;0
152;2;2
153;7;7
154;10;9
155;6;6
156;158;157
157;0;0
158;0;0
159;0;0
160;41;40
161;16;15
162;5;5
163;0;0
164;4;4
165;0;0
166;15;15
167;1;1
168;6;6
169;18;16
170;4;4
171;0;0
172;10;10
173;5;5
174;6;6
175;2;2
176;5;5
177;2;2
178;115;113
179;4;4
180;3;3
181;1;1
182;4;4
183;4;4
184;13;13
185;0;0
186;0;0
187;8;8
188;15;15
189;22;21
190;2;1
191;0;0
192;8;8
193;319;317
194;0;0
195;0;0
196;30;28
197;0;0
198;1;1
199;1;1
200;2;2
201;0;0
202;22;22
203;0;0
204;0;0
205;0;0
206;1;1
207;0;0
208;0;0
209;6;6
210;88;88
211;2;1
212;0;0
213;0;0
214;0;0
215;0;0
216;4;4
217;0;0
218;0;0
219;0;0
220;9;9
221;16;16
222;1;1
224;2;2
225;1;2
226;0;0
227;0;0
228;0;0
229;0;0
230;6;6
231;34;34
232;0;0
233;2;1
234;6;5
235;4;4
236;2;2
237;4;4
238;6;6
239;2;3
240;1;1
241;0;0
242;0;0
243;5;6
244;2;2
245;41;39
246;33;33
247;2;2
248;54;53
249;3;3
250;0;0
251;1;1
252;2;2
253;50;52
254;0;0
255;0;0
256;0;0
257;0;0
258;0;0
259;0;0
260;30;30
261;0;0
262;2;2
263;2;2
264;3;3
265;0;0
266;1;1
267;1;1
268;1;1
269;1;1
270;7;7
271;0;0
272;0;0
273;60;59
274;0;0
275;8;8
276;1;1
277;1;1
278;0;0
279;0;0
280;17;17
281;0;0
282;0;0
283;0;0
284;0;0
285;0;0
286;15;16
287;87;88
288;0;0
289;0;0
290;2;1
291;2;2
292;0;0
293;37;36
294;0;0
295;10;10
296;2;4
297;0;0
298;20;21
299;2;2
300;0;0
301;0;0
302;315;315
303;0;0
304;84;84
305;0;0
306;0;0
307;0;0
308;0;0
309;9;8
310;1;1
311;0;0
312;0;0
313;0;0
314;0;0
315;0;0
316;0;0
317;0;0
318;0;0
319;0;0
320;0;0
322;0;0
323;0;0
324;0;0
325;0;0
326;0;0
327;0;0
328;0;0
329;0;0
330;0;0
331;0;0
332;0;0
333;0;0
334;0;0
335;0;0
336;0;0
337;83;82
338;22;22
339;6;6
340;497;493
341;11;11
342;161;160
343;0;0
344;134;131
345;285;285
346;368;360
347;48;47
348;40;39
349;9;9
350;137;136
351;208;210
352;76;76
353;50;50
354;0;0
355;47;47
356;1;1
357;0;0
358;0;0
359;0;0
360;0;0
361;0;0
362;1;1
363;0;0
364;4;4
365;0;0
366;0;0
367;0;0
368;0;0
369;0;0
370;0;0
371;11;11
372;0;0
373;33;34
374;1;1
375;0;0
376;0;0
377;0;0
378;0;0
379;0;0
380;0;0
381;0;0
382;13;13
383;0;0
384;0;0
385;0;0
386;0;0
387;0;0
388;0;0
389;0;0
390;0;0
391;0;0
392;0;0
393;5;6
394;0;0
395;0;0
396;0;0
397;0;0
398;0;0
399;0;0
400;2;2
401;0;0
402;0;0
403;0;0
404;0;0
405;0;0
406;0;0
407;0;0
408;0;0
409;0;0
410;8;8
411;0;0
412;0;0
413;1;1
414;0;0
415;38;38
416;2;2
417;0;0
418;0;0
419;0;0
420;0;0
421;159;161
422;0;0
423;0;0
424;0;0
425;0;0
426;0;0
427;0;0
428;2;1
429;1;1
430;3;2
431;0;0
432;2;3
433;2;2
434;0;0
435;3;3
436;0;0
437;1;1
438;2;2
439;1;1
440;0;0
441;3;3
442;4;4
443;0;0
444;0;0
445;0;0
446;4;4
447;0;0
448;3;3
449;0;0
450;0;0
451;0;0
452;0;0
453;2;2
454;0;0
455;2;2
456;0;0
457;0;0
458;12;12
459;0;0
460;8;8
461;0;0
462;5;5
463;0;0
464;0;0
465;31;31
466;0;0
467;21;21
468;5;5
469;116;115
470;0;0
471;0;0
472;1;1
474;0;0
475;0;0
476;0;0
477;0;0
478;281;277
479;0;0
480;0;0
481;4;4
482;0;0
483;0;0
484;0;0
485;0;0
486;0;0
487;0;0
488;31;30
489;0;0
490;91;91
491;58;58
492;108;106
493;0;0
494;19;19
495;33;33
496;0;0
497;2;2
498;18;18
499;38;38
500;0;0
501;0;0
502;326;322
503;62;66
504;0;0
505;0;0
506;0;0
507;527;524
508;14;14
509;0;0
510;0;0
511;0;0
512;0;0
513;0;0
514;9;9
515;5;5
516;0;0
517;80;80
518;0;0
519;2;2
520;11;11
521;73;72
522;3;3
523;85;86
524;0;0
525;0;0
526;0;0
528;0;0
529;11;11
530;5;5
531;2;2
532;41;41
533;11;10
534;89;84
535;119;118
536;1;1
537;21;21
538;2;2
539;0;0
540;1;1
541;5;5
542;1;1
543;0;0
544;0;0
545;0;0
546;0;0
547;10;10
548;170;168
549;0;0
550;0;0
551;0;0
552;22;21
553;0;0
554;0;0
555;0;0
556;0;0
557;0;0
558;0;0
559;0;0
560;0;0
561;0;0
562;0;0
563;0;0
564;0;0
565;0;0
566;0;0
567;0;0
568;0;0
569;0;0
570;0;0
571;0;0
572;0;0
573;0;0
574;0;0
575;0;0
576;0;0
577;0;0
578;0;0
579;1;1
580;453;450
581;0;0
582;10;9
583;0;0
584;0;0
585;68;67
586;6;7
587;0;0
588;0;0
589;0;0
590;0;0
591;33;33
592;0;0
593;0;0
594;0;0
595;0;0
596;34;34
597;0;0
599;207;207
600;15;15
601;6;6
602;0;0
603;29;29
604;0;0
605;2;2
607;8;8
608;47;47
609;229;227
610;2;2
611;0;0
612;1;1
613;0;0
614;0;0
615;0;0
616;0;0
617;0;0
618;1;1
619;1;1
621;0;0
622;0;0
623;0;0
624;0;0
625;4;4
626;0;0
627;0;0
628;20;21
629;70;70
630;13;13
631;3;4
632;10;10
633;0;0
634;5;5
635;18;17
636;69;68
637;5;3
638;11;11
639;0;0
640;1;1
641;9;9
642;1;1
643;5;4
644;180;183
645;12;12
646;2;2
647;7;8
648;0;0
649;7;6
650;0;0
651;7;7
652;5;4
653;1;3
654;0;0
655;1;1
656;1;1
657;37;37
658;3;3
659;1;1
660;3;3
662;4;5
663;26;26
664;37;37
665;44;42
666;54;52
667;0;0
668;51;50
669;57;57
670;0;0
671;28;28
673;0;0
674;21;21
675;11;11
676;7;7
677;0;0
678;0;0
679;120;120
680;33;33
681;0;0
682;0;0
683;0;0
684;0;0
685;3;3
686;0;0
687;52;54
688;2;2
689;0;0
690;0;0
691;21;21
692;0;0
693;1;1
694;0;0
695;0;0
696;0;0
697;0;0
698;2;2
699;31;31
700;0;0
701;0;0
702;0;0
703;1;1
704;0;0
705;0;0
706;0;0
707;3;3
708;16;16
709;6;4
710;0;0
711;7;8
712;0;0
713;0;0
714;2;2
715;6;6
716;0;0
717;0;0
718;4;4
719;4;4
720;0;0
721;5;5
722;1;1
723;0;0
724;3;3
725;0;0
726;3;3
727;0;0
728;8;8
729;4;4
730;2;2
731;2;2
733;3;3
734;6;6
735;0;0
736;0;0
737;220;220
738;27;27
739;2;2
740;0;0
741;0;0
742;2;2
743;2;2
745;0;0
746;8;8
748;0;0
750;0;0
751;0;0
753;0;0
754;0;0
755;0;0
756;0;0
757;0;0
758;0;0
759;0;0
760;0;0
761;0;0
762;0;0
763;0;0
764;0;0
765;0;0
766;0;0
767;0;0
768;0;0
769;0;0
770;0;0
771;0;0
772;5;5
773;0;0
774;0;0
775;0;0
777;0;0
778;0;0
779;0;0
780;0;0
781;0;0
782;0;0
783;0;0
784;0;0
785;0;0
786;0;0
787;0;0
788;0;0
789;0;0
790;0;0
791;0;0
792;0;0
793;0;0
794;4;4
795;0;0
796;0;0
797;44;42
798;0;0
799;21;21
800;5;5
801;0;0
802;0;0
803;0;0
804;5;5
806;0;0
807;0;0
808;0;0
809;0;0
810;0;0
811;2;2
812;0;0
813;159;162
814;0;0
815;2;2
816;0;0
817;0;0
818;0;0
819;0;0
820;4;4
821;0;0
822;0;0
823;0;0
824;0;0
825;0;0
827;1;1
828;0;0
829;0;0
831;0;0
832;0;0
833;0;0
834;0;0
835;0;0
836;0;0
837;0;0
838;9;9
839;0;0
840;1;1
841;0;0
842;0;0
843;1;1
844;0;0
845;1;1
846;0;0
847;0;0
848;0;0
849;1;1
850;0;0
851;0;0
852;0;0
853;0;0
854;0;0
855;0;0
856;0;0
857;0;0
858;0;0
859;0;0
860;0;0
861;0;0
862;0;0
863;0;0
864;0;0
865;2;2
866;1;1
867;0;0
868;0;0
869;0;0
870;0;0
871;0;0
872;0;0
873;0;0
874;0;0
875;0;0
876;0;0
877;2;2
878;0;0
879;4;4
880;7;7
881;9;9
882;0;0
883;25;26
884;0;0
885;0;0
886;18;18
887;1;1
888;3;3
889;0;0
890;2;2
891;14;14
892;0;0
893;41;40
894;1;1
895;0;0
896;0;0
897;51;47
898;1;1
899;0;0
900;1;1
901;2;2
902;0;0
903;0;0
904;0;0
905;0;0
906;7;7
907;34;33
908;1;1
909;0;0
910;10;10
911;0;0
912;10;10
913;0;0
914;0;0
915;15;15
916;19;21
917;3;3
918;27;27
919;0;0
920;3;3
921;7;6
922;2;2
923;5;5
924;1;1
925;0;0
926;0;0
927;3;3
928;0;0
929;3;3
930;4;4
931;0;0
932;4;4
933;3;3
934;0;0
935;0;0
936;0;0
937;2;2
938;0;0
939;0;0
940;0;0
941;0;0
942;0;0
943;3;3
944;1;1
945;0;0
946;3;2
948;3;3
949;2;2
950;0;0
951;46;46
952;2;2
953;3;3
955;0;0
956;0;0
957;2;2
958;3;3
959;3;3
960;1;1
961;0;0
962;0;0
963;0;0
964;0;0
965;0;0
966;0;0
967;1;1
968;0;0
969;0;0
970;24;24
971;0;0
972;0;0
973;3;4
974;7;7
976;3;3
977;2;2
978;0;0
979;17;17
980;0;0
981;0;0
982;0;0
983;0;0
984;9;9
985;8;8
986;3;3
987;0;0
988;7;7
989;0;0
990;4;4
991;0;0
992;0;0
993;0;0
994;13;13
995;1;1
996;0;0
997;0;0
998;0;0
999;9;10
1000;0;0
1001;4;4
1002;0;0
1003;0;0
1004;7;7
1005;26;31
1006;0;0
1007;0;0
1008;0;0
1009;0;0
1010;0;0
1011;0;0
1012;0;0
1013;5;5
1014;0;0
1015;0;0
1016;12;13
1017;0;0
1018;1;1
1019;0;0
1020;27;28
1021;0;0
1022;0;0
1023;0;0
1024;0;0
1025;0;0
1026;2;3
1027;0;0
1028;1;1
1029;0;0
1030;0;0
1031;2;3
1032;1;1
1033;3;1
1034;0;0
1035;2;2
1036;3;3
1037;2;2
1038;10;10
1039;0;0
1040;0;1
1041;0;0
1042;3;3
1043;2;2
1044;28;27
1045;0;0
1046;0;0
1047;0;0
1048;0;0
1049;0;0
1050;13;13
1051;90;88
1052;3;3
1053;8;8
1054;147;148
1055;101;103
1056;142;142
1057;32;34
1058;5;5
1059;22;22
1060;0;0
1062;2;2
1063;16;16
1064;26;26
1065;1;1
1066;18;18
1067;0;0
1068;0;0
1069;0;0
1070;10;10
1071;0;0
1072;11;11
1074;125;125
1075;71;70
1076;0;0
1077;2;2
1078;1;1
1079;1;1
1080;19;19
1081;2;1
1082;1;1
1083;0;0
1084;67;67
1085;0;0
1086;0;0
1087;0;0
1088;0;0
1089;0;0
1090;0;0
1091;0;0
1092;0;0
1093;0;0
1094;12;11
1095;0;0
1096;0;0
1097;4;4
1098;0;0
1099;0;0
1100;0;0
1101;0;0
1102;18;13
1103;10;14
1104;1;1
1105;2;2
1106;5;7
1107;105;109
1108;0;0
1109;1;2
1110;2;2
1111;2;1
1112;3;3
1113;2;1
1114;2;2
1116;2;1
1117;3;3
1118;3;3
1119;1;2
1120;13;14
1121;7;8
1122;7;8
1123;0;0
1126;0;0
1127;1;1
1128;151;152
1129;0;0
1130;36;35
1131;0;0
1132;10;10
1133;0;0
1134;0;0
1135;0;0
1136;4;4
1137;0;0
1138;3;4
1139;0;0
1140;3;2
1141;1;1
1143;1;2
1144;4;4
1145;14;12
1146;0;0
1147;19;18
1148;0;0
1149;5;7
1150;0;0
1151;0;0
1152;1;1
1153;3;3
1154;25;25
1156;0;0
1157;48;47
1158;0;0
1159;0;0
1160;0;0
1161;0;0
1162;1;1
1163;0;0
1164;0;0
1165;40;38
1166;1;1
1167;0;0
1168;0;0
1169;2;2
1170;0;0
1171;0;0
1172;0;0
1173;12;12
1174;0;0
1175;41;40
1176;1;1
1177;35;32
1178;0;0
1179;0;0
1180;20;21
1181;0;0
1182;1;1
1183;6;6
1184;0;0
1185;0;0
1186;11;13
1187;34;33
1189;0;0
1190;36;36
1191;12;12
1192;0;0
1193;2;2
1194;66;66
1195;0;0
1196;9;9
1197;89;91
1198;39;39
1199;0;0
1200;60;61
1201;0;0
1202;4;4
1203;15;15
1204;0;0
1205;7;7
1206;49;48
1207;0;0
1208;42;43
1209;26;26
1210;0;0
1211;0;0
1212;157;157
1213;18;18
1214;17;17
1215;0;0
1216;65;63
1218;391;392
1219;2;2
1220;12;12
1221;0;0
1222;49;49
1223;9;9
1224;0;0
1225;99;103
1226;22;21
1227;20;20
1229;330;331
1230;206;204
1231;34;36
1232;0;0
1233;0;0
1234;2;1
1235;0;0
1236;19;20
1237;0;0
1238;1;1
1239;0;0
1241;0;0
1242;3;3
1243;36;34
1244;0;0
1245;0;0
1246;82;81
1247;4;3
1249;0;0
1250;11;11
1251;19;19
1252;8;8
1253;65;62
1254;0;0
1255;0;0
1256;0;0
1257;0;0
1258;0;0
1259;0;0
1260;0;0
1261;0;0
1262;2;2
1263;0;0
1264;67;67
1265;11;11
1266;0;0
1267;0;0
1268;7;7
1269;0;0
1270;11;11
1271;0;0
1272;0;0
1273;78;83
1274;5;5
1275;0;0
1276;5;5
1277;1;1
1278;5;6
1279;2;2
1280;14;14
1281;0;0
1282;0;0
1283;0;0
1284;0;0
1285;3;3
1286;0;0
1287;0;0
1288;0;0
1289;4;4
1290;0;0
1291;0;0
1292;0;0
1293;0;0
1294;0;0
1295;0;0
1296;0;0
1297;0;0
1298;0;0
1299;0;0
1300;0;0
1301;0;0
1302;0;0
1303;0;0
1305;0;0
1306;0;0
1307;0;0
1308;0;0
1309;3;3
1310;0;0
1311;0;0
1312;0;0
1313;1;1
1314;0;0
1315;0;0
1316;0;0
1317;0;0
1318;0;0
1319;0;0
1320;5;5
1321;36;36
1322;20;20
1323;14;14
1324;39;39
1325;0;0
1326;0;0
1327;0;0
1328;0;0
1329;0;0
1330;9;9
1331;0;0
1332;0;0
1333;0;0
1334;0;0
1335;135;140
1336;0;0
1337;0;0
1338;0;0
1339;0;0
1340;0;0
1341;0;0
1342;0;0
1343;0;0
1344;1;1
1345;0;0
1346;0;0
1347;0;0
1348;0;0
1349;0;0
1350;5;5
1351;0;0
1352;10;10
1353;136;129
1354;135;134
1355;0;0
1356;5;5
1357;0;0
1358;0;0
1359;24;24
1360;9;9
1361;2;2
1362;0;0
1363;0;0
1364;0;0
1365;0;0
1366;0;0
1367;60;60
1368;0;0
1369;0;0
1370;0;0
1371;1;1
1372;0;0
1373;0;0
1374;2;2
1375;0;0
1376;5;5
1377;0;0
1378;0;0
1379;0;0
1380;0;0
1381;0;0
1382;524;516
1383;0;0
1384;0;0
1385;0;0
1386;201;203
1387;0;0
1388;0;0
1389;0;0
1390;0;0
1391;0;0
1392;0;0
1393;0;0
1394;0;0
1395;0;0
1396;0;0
1397;0;0
1398;0;0
1399;40;40
1400;0;0
1401;0;0
1402;0;0
1403;17;17
1404;0;0
1405;3;3
1406;0;0
1407;0;0
1408;2;2
1409;2;2
1410;0;0
1411;0;0
1412;4;4
1413;0;0
1414;0;0
1415;13;13
1416;1;1
1417;1;1
1418;92;91
1419;0;0
1420;0;0
1421;0;0
1422;0;0
1423;95;94
1424;0;0
1425;1;1
1426;0;0
1427;0;0
1428;0;0
1429;0;0
1430;0;0
1431;0;0
1432;0;0
1433;0;0
1434;0;0
1435;34;35
1436;0;0
1437;0;0
1438;3;3
1439;4;4
1440;0;0
1441;3;3
1442;0;0
1443;0;0
1444;0;0
1445;0;0
1446;3;3
1447;0;0
1448;5;5
1449;0;0
1450;6;6
1451;2;2
1452;109;109
1453;1;1
1454;4;4
1455;6;7
1456;10;10
1457;0;0
1458;43;47
1459;6;7
1460;50;53
1461;4;4
1462;6;6
1463;0;1
1464;6;6
1465;5;5
1466;0;0
1467;0;0
1468;13;13
1469;10;10
1470;10;10
1471;0;0
1472;80;84
1473;3;3
1474;44;46
1475;2;2
1476;9;9
1478;0;0
1479;15;16
1480;5;5
1481;0;0
1482;3;3
1483;0;0
1484;0;0
1485;0;0
1486;87;87
1487;0;0
1488;16;17
1489;98;97
1490;2;2
1491;0;0
1492;0;0
1493;0;0
1496;0;0
1498;0;0
1499;0;0
1500;0;0
1501;50;50
1502;0;0
1503;0;0
1504;0;0
1505;9;9
1506;22;22
1507;0;0
1508;25;25
1509;115;118
1510;3;3
1511;3;3
1512;63;63
1513;0;0
1514;6;6
1515;28;28
1516;0;0
1517;31;31
1518;0;0
1519;43;43
1520;52;52
1521;0;0
1522;0;0
1523;0;0
1524;192;194
1525;81;81
1526;44;42
1527;0;0
1528;20;20
1529;60;60
1530;0;0
1531;4;4
1532;0;0
1534;5;5
1535;0;0
1536;2;2
1537;0;0
1538;88;88
1539;38;38
1540;0;0
1541;0;0
1542;0;0
1543;0;0
1544;0;0
1545;11;11
1546;3;3
1547;0;0
1548;0;0
1549;0;0
1550;39;38
1551;122;123
1552;0;0
1553;50;50
1554;0;0
1555;331;331
1556;0;0
1558;5;5
1559;0;0
1560;0;0
1561;78;78
1562;76;76
1563;53;53
1564;0;0
1565;0;0
1566;0;0
1567;5;5
1568;0;0
1569;33;33
1570;0;0
1571;0;0
1572;0;0
1573;0;0
1574;0;0
1575;0;0
1576;0;0
1577;0;0
1578;0;0
1579;5;5
1580;0;0
1581;0;0
1582;4;4
1583;0;0
1584;2;2
1585;0;0
1586;0;0
1587;180;181
1588;1;1
1589;0;0
1590;136;135
1591;0;0
1592;0;0
1593;0;0
1594;5;5
1595;0;0
1596;2;2
1597;0;0
1598;0;0
1599;0;0
1600;0;0
1601;0;0
1602;0;0
1603;0;0
1604;0;0
1605;3;3
1606;111;111
1607;0;0
1608;0;0
1609;19;19
1610;8;8
1611;12;11
1612;34;35
1613;308;308
1615;0;0
1616;0;0
1617;3;3
1618;0;0
1619;0;0
1620;0;0
1621;0;0
1622;0;0
1623;0;0
1624;0;0
1625;4;4
1626;106;105
1627;1;1
1628;6;6
1629;10;12
1630;0;0
1631;0;0
1632;0;0
1633;23;24
1634;4;4
1635;0;0
1636;100;102
1637;3;3
1638;214;221
1639;2;2
1640;0;0
1641;0;0
1642;0;0
1643;0;0
1645;1;1
1646;16;16
1647;1;1
1648;0;0
1649;2;2
1650;0;0
1651;1;1
1652;21;21
1653;0;0
1654;2;2
1655;12;12
1656;2;2
1657;112;115
1658;5;4
1659;2;2
1660;0;0
1661;0;0
1662;5;2
1663;13;13
1664;0;0
1665;166;163
1666;0;0
1667;0;0
1668;0;0
1669;0;0
1670;0;0
1671;0;0
1672;0;0
1673;0;0
1675;2;2
1676;12;12
1677;0;0
1678;247;247
1679;2;2
1680;0;0
1681;0;0
1682;52;53
1683;0;0
1684;0;0
1685;17;17
1686;0;0
1687;0;0
1688;119;119
1689;9;9
1690;0;0
1691;3;4
1692;4;4
1693;2;2
1694;4;4
1695;0;0
1696;7;8
1697;0;0
1698;0;0
1699;2;2
1701;358;361
1702;0;0
1703;0;0
1705;0;0
1706;66;67
1707;0;0
1708;0;0
1709;0;0
1710;0;0
1712;0;0
1713;0;0
1715;47;47
1716;0;0
1718;0;0
1719;0;0
1721;6;6
1722;7;7
1723;3;3
1724;5;5
1726;10;10
1728;5;5
1729;3;3
1731;0;0
1732;0;0
1733;0;0
1734;0;0
1735;34;34
1736;0;0
1737;24;24
1738;6;6
1739;86;85
1740;0;0
1741;16;16
1742;21;21
1743;11;11
1744;0;0
1745;20;20
1746;6;5
1747;0;0
1748;0;0
1749;0;0
1750;0;0
1751;0;0
1753;0;0
1754;31;31
1755;2;2
1756;0;0
1757;0;0
1758;0;0
1759;10;10
1760;73;69
1761;16;13
1762;45;48
1763;0;0
1764;11;11
1765;0;0
1766;0;0
1767;37;40
1769;0;0
1770;0;0
1771;8;7
1772;23;23
1773;1;1
1774;15;13
1775;0;0
1776;18;18
1777;0;0
1778;0;0
1779;30;28
1780;45;44
1781;0;0
1782;0;0
1783;8;9
1784;0;0
1785;9;9
1786;3;3
1787;0;0
1788;0;0
1789;3;3
1790;0;0
1791;0;0
1792;16;16
1793;1;1
1794;5;5
1795;2;2
1796;12;12
1797;16;17
1798;2;2
1800;16;16
1801;5;5
1802;3;3
1803;0;0
1804;93;92
1805;0;0
1806;0;0
1807;25;23
1808;3;3
1809;0;0
1810;2;2
1811;0;0
1813;2;2
1814;5;5
1815;14;15
1816;10;10
1817;1;1
1818;2;2
1819;15;15
1820;4;4
1821;10;10
1822;2;2
1823;0;0
1824;243;242
1825;72;73
1826;15;15
1827;0;0
1828;1;1
1829;6;6
1830;6;6
1831;7;7
1832;0;0
1833;0;0
1834;2;2
1835;2;2
1836;47;45
1837;3;3
1838;7;7
1839;8;8
1840;51;50
1841;0;0
1842;8;8
1843;0;0
1844;0;0
1845;10;10
1846;8;8
1847;42;41
1848;7;7
1849;0;0
1850;13;14
1851;2;2
1852;153;151
1853;13;13
1854;16;16
1855;7;7
1856;9;9
1857;0;0
1858;7;7
1859;0;0
1860;0;0
1861;0;0
1862;0;0
1863;15;14
1864;0;0
1865;2;3
1866;1;1
1867;2;2
1868;0;0
1869;10;8
1870;0;0
1871;106;106
1872;0;0
1874;0;0
1875;0;0
1877;0;0
1878;0;0
1879;3;4
1880;0;0
1881;24;21
1882;0;0
1883;0;0
1884;1;1
1885;76;73
1886;0;0
1887;3;3
1889;4;5
1890;0;0
1891;0;0
1892;53;52
1893;0;0
1894;0;0
1895;3;3
1896;0;0
1897;24;24
1898;0;0
1899;0;0
1900;0;0
1901;6;7
1902;0;0
1903;3;2
1904;3;3
1905;5;6
1906;0;0
1907;0;0
1908;1;1
1909;45;42
1910;10;9
1911;0;0
1912;0;0
1913;0;0
1914;0;0
1915;0;0
1916;0;0
1917;0;0
1918;9;9
1919;0;0
1920;0;0
1921;0;0
1923;13;11
1924;0;0
1925;2;3
1926;25;26
1927;0;0
1928;0;0
1930;14;14
1931;0;0
1932;2;2
1933;0;0
1934;2;2
1935;0;0
1936;0;0
1937;2;2
1941;10;8
1942;0;0
1943;8;8
1944;4;6
1945;0;0
1946;2;2
1947;0;0
1948;15;15
1949;2;2
1950;2;2
1951;2;2
1952;2;2
1953;67;68
1954;0;0
1955;0;0
1956;4;4
1957;28;28
1958;3;2
1959;14;13
1960;43;40
1961;12;11
1963;5;5
1964;0;0
1965;3;3
1966;0;0
1968;3;3
1969;5;6
1970;1;1
1971;2;3
1972;3;2
1973;0;0
1974;0;0
1975;2;3
1976;0;0
1977;2;2
1978;3;3
1979;1;1
1980;1;1
1981;1;1
1982;0;0
1983;1;1
1984;1;1
1985;2;2
1986;3;2
1987;4;4
1989;7;5
1990;5;6
1991;4;4
1992;4;3
1993;2;1
1994;3;3
1995;4;5
1997;28;28
1998;1;1
1999;2;2
2000;3;3
2001;8;9
2002;1;1
2003;1;1
2004;2;2
2005;13;13
2006;96;117
2007;2;2
2008;0;0
2009;34;38
2010;0;0
2011;4;6
2012;2;2
2013;0;0
2014;1;1
2015;4;4
2016;0;0
2017;1;1
2018;1;1
2019;0;0
2020;0;0
2021;0;0
2022;0;0
2023;3;3
2024;4;4
2025;2;2
2026;0;0
2027;0;0
2028;5;5
2029;2;2
2030;7;10
2031;3;3
2032;0;0
2033;0;0
2034;3;3
2035;1;1
2036;0;0
2037;3;3
2038;0;0
2039;0;0
2040;0;0
2041;1;1
2042;32;32
2043;0;0
2044;0;0
2045;2;2
2046;1;1
2047;1;1
2048;6;6
2049;0;0
2050;28;26
2051;5;5
2052;0;0
2053;4;4
2054;0;0
2055;0;0
2056;0;0
2057;84;86
2058;0;0
2059;15;14
2060;3;3
2061;3;3
2062;3;3
2063;0;0
2064;82;82
2065;0;0
2066;6;6
2067;12;13
2068;2;2
2069;5;5
2070;0;0
2071;0;0
2072;194;183
2073;0;0
2074;39;59
2075;3;3
2076;2;2
2077;0;0
2078;0;0
2079;0;0
2080;0;0
2081;1;1
2082;137;139
2083;0;0
2084;2;2
2085;0;0
2086;2;2
2088;0;0
2089;9;9
2090;13;13
2091;0;0
2092;0;0
2093;1;1
2095;1;1
2096;9;10
2097;6;6
2098;0;0
2099;0;0
2100;0;0
2101;0;0
2102;0;0
2103;2;2
2104;24;24
2105;0;0
2106;5;5
2107;0;0
2108;0;0
2109;16;17
2110;2;2
2111;0;0
2112;0;0
2113;0;0
2114;6;6
2117;1;1
2118;0;0
2119;0;0
2120;0;0
2121;20;20
2122;0;0
2123;10;10
2125;0;0
2126;0;0
2127;0;0
2128;0;0
2130;0;0
2131;62;63
2132;0;0
2133;0;0
2134;19;19
2135;0;0
2136;4;4
2138;0;0
2139;0;0
2141;0;0
2142;2;2
2143;0;0
2144;0;0
2147;0;0
2148;0;0
2151;2;2
2153;0;0
2154;0;0
2156;0;0
2157;39;39
2158;0;0
2162;15;15
2163;0;0
2164;7;7
2165;1;1
2166;6;6
2167;11;11
2168;0;0
2169;0;0
2170;111;112
2171;0;0
2172;2;2
2173;0;0
2174;0;0
2175;0;0
2176;120;119
2177;67;66
2178;0;0
2179;241;236
2180;4;4
2181;0;0
2182;0;0
2184;0;0
2185;0;0
2186;0;0
2187;0;0
2188;356;354
2189;1;1
2190;0;0
2191;97;98
2192;1;1
2193;0;0
2194;104;104
2195;7;7
2196;0;0
2197;0;0
2202;2;2
2203;3;3
2204;1;1
2205;0;0
2206;62;63
2207;56;55
2208;0;0
2209;0;0
2210;0;0
2211;0;0
2212;2;2
2213;0;0
2214;12;12
2215;0;0
2216;0;0
2217;1;1
2218;0;0
2219;30;30
2220;0;0
2221;14;14
2222;3;3
2223;58;59
2224;0;0
2225;0;0
2227;6;5
2228;0;0
2229;0;0
2230;0;0
2232;0;0
2233;2;2
2234;8;8
2235;0;0
2236;0;0
2237;0;0
2239;0;0
2240;0;0
2241;0;0
2242;0;0
2243;2;2
2244;10;10
2245;0;0
2246;35;35
2247;0;0
2249;4;4
2250;0;0
2251;3;3
2252;4;4
2253;0;0
2254;2;2
2255;3;3
2256;10;9
2257;2;2
2258;2;2
2259;5;5
2260;0;0
2261;0;0
2262;1;1
2263;0;0
2264;65;64
2265;0;0
2267;0;0
2268;29;29
2270;1;1
2271;0;0
2272;5;5
2273;0;0
2274;0;0
2275;40;40
2276;264;263
2277;0;0
2278;4;4
2279;286;289
2280;2;2
2281;5;5
2282;0;0
2283;0;0
2284;1;1
2285;0;0
2286;3;3
2287;81;81
2288;10;10
2289;0;0
2290;6;6
2291;2;2
2293;0;0
2294;2;2
2295;2;2
2296;3;3
2297;3;3
2298;1;1
2299;7;7
2300;0;0
2301;0;0
2302;0;0
2303;0;0
2304;4;4
2305;85;85
2306;0;0
2307;18;18
2308;11;11
2309;0;0
2310;9;9
2311;3;3
2312;9;9
2313;17;17
2314;0;0
2315;0;0
2316;2;2
2317;0;0
2318;0;0
2319;0;0
2320;0;0
2321;0;0
2322;17;17
2323;0;0
2324;9;9
2325;0;0
2326;17;17
2327;13;13
2328;1;1
2329;0;0
2330;8;8
2332;4;4
2333;12;12
2334;42;42
2335;1;1
2336;2;2
2337;8;8
2338;0;0
2339;0;0
2340;5;5
2341;3;3
2342;0;0
2343;0;0
2344;4;4
2345;8;8
2346;2;2
2347;31;31
2348;0;0
2350;0;0
2351;0;0
2352;1;1
2353;0;0
2354;0;0
2355;0;0
2356;1;1
2358;0;0
2359;157;158
2360;0;0
2361;4;4
2364;0;0
2365;3;3
2366;0;0
2367;0;0
2370;59;59
2371;0;0
2372;80;80
2374;3;3
2375;0;0
2376;0;0
2377;0;0
2378;39;39
2379;0;0
2380;3;3
2381;6;6
2383;0;0
2384;61;62
2385;0;0
2386;0;0
2387;14;14
2388;1;1
2389;0;0
2390;5;5
2391;0;0
2392;0;0
2393;0;0
2394;0;0
2396;0;0
2397;193;193
2399;3;3
2400;7;7
2401;2;2
2402;5;5
2404;6;6
2405;0;0
2406;0;0
2407;0;0
2408;0;0
2409;1;1
2410;0;0
2411;0;0
2414;0;0
2415;0;0
2421;0;0
2422;5;5
2423;6;6
2425;4;4
2426;4;4
2428;0;0
2429;10;10
2430;18;18
2433;9;9
2435;0;0
2436;0;0
2437;0;0
2438;0;0
2439;2;2
2440;7;7
2441;2;2
2442;65;63
2443;13;13
2444;0;0
2445;0;0
2446;0;0
2447;0;0
2448;0;0
2449;0;0
2450;0;0
2451;0;0
2452;10;11
2453;0;0
2454;2;2
2455;1;1
2456;1;1
2457;0;0
2458;1;1
2459;0;0
2460;2;2
2461;2;2
2462;0;0
2463;0;0
2464;0;0
2465;0;0
2466;0;0
2467;1;2
2468;0;0
2469;1;1
2470;1;1
2471;4;4
2472;0;0
2473;0;0
2474;1;1
2476;6;6
2477;2;2
2478;0;0
2479;0;0
2481;0;0
2482;0;0
2483;0;0
2484;0;0
2485;0;0
2486;0;0
2487;6;8
2488;3;3
2490;6;5
2491;1;1
2492;1;1
2493;0;0
2494;0;0
2495;2;2
2496;6;5
2497;4;6
2498;0;0
2499;0;0
2500;0;0
2501;4;4
2502;0;0
2503;0;0
2504;0;0
2505;0;0
2506;0;0
2508;3;3
2509;6;6
2511;0;0
2512;1;1
2513;7;7
2514;0;0
2515;0;0
2516;0;0
2517;1;1
2518;1;1
2519;0;0
2520;0;0
2521;1;1
2522;13;13
2524;1;1
2525;2;2
2526;36;34
2527;0;0
2528;13;12
2529;0;0
2530;0;0
2531;98;99
2532;0;0
2533;3;3
2534;0;0
2535;3;3
2536;0;0
2537;55;55
2538;17;17
2539;4;4
2540;0;0
2541;1;1
2542;0;0
2543;4;3
2544;1;1
2545;39;39
2546;0;0
2547;3;3
2548;33;33
2549;1;1
2550;2;2
2551;32;32
2552;0;0
2553;0;0
2554;12;12
2555;18;18
2556;3;3
2558;0;0
2559;36;35
2560;98;96
2561;0;0
2562;21;22
2563;0;0
2564;193;194
2565;0;0
2566;4;3
2567;0;0
2568;2;2
2569;9;9
2570;3;3
2571;0;0
2572;7;7
2573;0;0
2574;0;0
2575;11;11
2576;5;5
2577;2;2
2578;57;57
2579;0;0
2580;0;0
2581;11;12
2582;0;0
2583;0;0
2584;12;10
2585;0;0
2586;10;10
2587;3;3
2589;0;0
2590;13;13
2591;3;3
2592;0;0
2593;0;0
2594;0;0
2595;7;7
2596;0;0
2597;16;16
2598;0;0
2599;38;39
2600;0;0
2601;0;0
2602;3;3
2603;2;2
2604;5;5
2605;0;0
2606;0;0
2607;9;9
2609;5;5
2610;36;36
2612;30;31
2613;19;19
2614;0;0
2615;3;3
2616;16;15
2618;47;47
2619;8;8
2620;0;0
2621;57;57
2622;1;1
2623;11;11
2624;5;5
2625;0;0
2626;0;0
2627;0;0
2628;1;1
2629;1;1
2630;1;1
2631;1;1
2632;0;0
2633;15;15
2635;4;4
2636;0;0
2637;1;1
2638;16;16
2639;0;0
2640;0;0
2641;5;4
2642;4;4
2643;0;0
2644;0;0
2645;6;7
2646;0;0
2647;7;6
2648;0;0
2649;9;10
2650;79;79
2651;11;11
2652;0;0
2653;0;0
2654;0;0
2655;0;0
2656;6;5
2657;2;2
2658;1;1
2659;0;0
2660;0;0
2661;0;0
2662;7;7
2663;0;0
2664;3;3
2665;10;10
2666;0;0
2667;2;2
2668;0;0
2669;0;0
2670;3;3
2671;3;3
2672;2;2
2673;35;36
2674;0;0
2675;0;0
2676;0;0
2677;0;0
2678;2;2
2679;0;0
2680;1;1
2681;0;0
2682;0;0
2683;1;1
2684;0;0
2685;0;0
2686;0;0
2687;0;0
2688;39;39
2689;0;0
2690;1;1
2691;0;0
2692;0;0
2694;0;0
2695;0;0
2696;0;0
2697;0;1
2699;18;18
2700;0;0
2701;0;0
2702;0;0
2703;0;0
2704;0;0
2705;2;2
2706;4;4
2707;0;0
2708;5;5
2709;152;155
2710;10;10
2711;1;1
2712;2;2
2713;4;4
2714;12;12
2715;30;27
2716;1;1
2717;2;2
2718;1;1
2719;2;2
2720;0;0
2722;2;2
2723;0;0
2724;3;3
2725;1;1
2726;4;4
2727;0;0
2728;6;6
2729;11;11
2730;0;0
2731;3;3
2732;3;3
2733;1;1
2734;2;2
2735;0;0
2736;0;0
2737;0;0
2738;3;3
2739;6;6
2740;0;0
2741;1;1
2742;3;3
2743;1;1
2744;0;0
2745;26;26
2746;1;1
2747;2;2
2748;4;4
2749;11;11
2750;2;2
2751;2;2
2752;2;2
2753;6;6
2754;0;0
2755;2;2
2756;8;8
2758;0;0
2759;8;11
2760;0;0
2761;2;3
2762;26;25
2763;0;0
2764;2;2
2765;0;0
2766;0;0
2767;6;6
2768;8;8
2769;8;8
2770;0;0
2771;24;24
2772;4;4
2773;10;10
2774;7;7
2775;0;0
2776;0;0
2777;0;0
2778;0;0
2780;0;0
2781;6;6
2782;0;0
2783;0;0
2784;0;0
2785;1;1
2786;2;2
2787;1;1
2788;1;1
2789;115;115
2790;0;0
2791;0;0
2792;7;6
2794;0;0
2795;0;0
2796;1;1
2797;0;0
2799;0;0
2800;0;0
2801;7;7
2802;10;10
2803;0;0
2804;1;1
2805;0;0
2806;6;6
2807;2;2
2808;3;3
2809;2;2
2810;0;0
2812;11;11
2813;0;0
2814;0;0
2816;23;23
2817;0;0
2818;0;0
2819;0;0
2820;0;0
2821;11;11
2822;2;2
2823;0;0
2824;5;5
2826;0;0
2827;0;0
2828;0;0
2829;0;0
2830;1;1
2831;0;0
2832;0;0
2833;1;1
2834;0;0
2835;1;1
2836;0;0
2837;0;0
2838;0;0
2839;0;0
2840;0;0
2841;0;0
2842;0;0
2843;0;0
2844;4;4
2845;0;0
2846;1;1
2847;0;0
2848;14;14
2849;2;2
2850;20;19
2851;90;91
2852;4;4
2853;1;1
2854;2;2
2855;0;0
2856;11;11
2857;0;0
2858;1;1
2859;0;0
2860;1;1
2861;4;4
2862;0;0
2863;0;0
2864;1;1
2865;0;0
2866;0;0
2867;0;0
2868;10;10
2870;2;2
2871;0;0
2872;0;0
2873;0;0
2874;35;34
2875;23;23
2876;0;0
2877;17;18
2878;23;23
2879;4;4
2881;29;29
2882;14;15
2883;34;32
2884;9;9
2885;4;4
2886;0;0
2887;0;0
2888;1;1
2889;2;2
2890;102;102
2891;11;11
2893;11;10
2894;19;18
2895;44;46
2896;10;8
2897;31;32
2898;1;1
2899;58;56
2900;6;6
2901;4;5
2902;35;35
2903;12;12
2905;0;0
2906;0;0
2907;4;5
2908;67;67
2909;0;0
2910;52;52
2911;4;3
2912;45;45
2913;31;29
2914;10;11
2916;3;3
2917;3;3
2918;3;3
2920;7;7
2922;63;63
2923;37;37
2925;9;8
2926;3;3
2927;34;33
2929;0;0
2930;4;4
2931;1;1
2932;6;6
2933;16;17
2934;25;25
2935;8;8
2936;4;4
2937;31;31
2938;8;8
2939;102;100
2940;15;15
2941;14;14
2942;7;7
2944;22;22
2945;17;17
2947;18;19
2948;184;184
2949;7;7
2950;0;0
2951;0;0
2952;15;15
2953;0;0
2954;54;54
2955;3;3
2956;3;3
2957;3;3
2958;9;9
2960;46;45
2961;4;4
2962;22;22
2963;4;4
2964;28;28
2965;26;26
2966;8;8
2967;10;10
2968;20;20
2969;2;2
2972;11;11
2973;6;6
2974;14;14
2975;98;101
2976;15;15
2977;0;0
2978;0;0
2979;51;53
2980;6;7
2981;8;7
2983;80;78
2984;0;0
2985;199;198
2986;0;0
2987;8;8
2988;86;85
2989;9;9
2990;28;28
2991;8;7
2992;23;23
2993;27;27
2994;35;35
2995;0;0
2996;5;5
2997;227;225
2998;0;0
2999;2;2
3000;1;1
3001;5;5
3002;6;8
3003;2;2
3004;0;0
3005;0;0
3006;0;0
3007;29;29
3008;16;16
3009;3;3
3010;1;1
3011;0;0
3012;1;1
3013;0;0
3014;0;0
3015;15;15
3016;0;0
3017;33;35
3018;2;2
3019;3;3
3020;12;10
3021;0;0
3022;3;3
3023;7;7
3024;101;102
3025;0;0
3026;0;0
3027;0;0
3028;0;0
3029;0;0
3030;1;1
3033;0;0
3034;29;32
3035;42;39
3036;0;0
3037;0;0
3038;8;8
3039;6;6
3040;16;16
3041;0;0
3042;9;8
3043;97;97
3044;0;0
3045;0;0
3048;0;0
3049;0;0
3050;9;9
3051;0;0
3052;0;0
3053;0;0
3054;0;0
3055;7;7
3056;0;0
3057;6;6
3058;0;0
3059;0;0
3061;12;13
3062;0;0
3063;11;10
3064;0;0
3065;0;0
3066;18;18
3067;0;0
3068;3;3
3069;16;16
3070;0;0
3071;3;3
3072;1;1
3073;2;1
3074;4;6
3075;0;0
3076;74;74
3077;355;355
3078;0;0
3079;2;2
3080;2;2
3081;9;9
3082;0;0
3084;10;10
3085;1;1
3087;0;0
3089;9;9
3091;0;0
3092;5;5
3093;264;263
3094;1;1
3095;0;0
3096;0;0
3097;6;6
3098;17;17
3099;0;0
3100;12;12
3101;1;1
3102;0;0
3103;1;1
3104;6;6
3105;18;18
3107;0;0
3108;0;0
3109;0;0
3112;14;15
3113;0;0
3115;13;13
3116;5;5
3117;0;0
3118;3;3
3119;0;0
3120;25;25
3121;79;79
3122;1;1
3124;0;0
3125;44;44
3127;1;1
3128;0;0
3129;1;1
3130;1;1
3131;97;98
3132;0;0
3134;3;3
3135;17;17
3136;59;59
3137;31;30
3138;0;0
3140;0;0
3141;0;0
3142;8;8
3143;15;16
3144;107;104
3145;0;0
3146;11;11
3147;0;0
3148;3;3
3149;0;0
3150;0;0
3151;2;2
3152;9;9
3153;42;42
3155;5;5
3156;44;41
3157;67;67
3158;0;0
3159;0;0
3161;2;2
3162;0;0
3163;1;1
3164;1;1
3165;0;0
3166;0;0
3167;0;0
3169;0;0
3170;3;3
3171;0;0
3172;0;0
3173;1;1
3174;16;16
3175;0;0
3176;0;0
3177;18;18
3178;0;0
3179;71;67
3180;1;1
3181;6;6
3182;2;2
3183;6;6
3184;1;1
3185;0;0
3186;1;1
3187;0;0
3188;0;0
3196;33;33
3197;0;0
3198;0;0
3199;87;87
3200;0;0
3201;4;4
3204;5;5
3205;109;109
3207;0;0
3208;0;0
3209;7;6
3211;0;0
3213;7;9
3214;0;0
3215;1;1
3217;1;1
3220;0;0
3221;0;0
3222;17;16
3223;2;2
3224;4;4
3226;0;0
3227;0;0
3228;0;0
3229;0;0
3230;0;0
3232;1;1
3233;0;0
3234;0;0
3235;3;3
3236;2;2
3237;5;4
3238;0;0
3239;49;50
3240;56;56
3241;4;4
3242;3;3
3243;4;4
3244;17;18
3245;1;1
3246;3;3
3247;4;4
3249;8;7
3250;21;21
3251;1;1
3252;0;0
3253;8;8
3254;2;2
3256;14;14
3257;3;4
3258;3;2
3259;1;1
3260;7;7
3261;8;8
3262;7;7
3263;26;26
3264;1;1
3265;6;6
3266;24;24
3267;9;9
3268;1;1
3269;52;52
3270;4;4
3271;7;7
3272;23;23
3273;18;18
3274;0;0
3275;185;182
3276;0;0
3277;0;0
3278;0;0
3279;0;0
3280;0;0
3281;0;0
3282;2;2
3284;6;6
3287;6;6
3288;5;5
3289;14;13
3291;0;0
3292;0;0
3294;5;5
3295;0;0
3296;5;5
3297;0;0
3298;14;14
3299;5;5
3300;2;2
3301;0;0
3302;2;2
3303;18;18
3304;257;257
3305;17;17
3306;0;0
3307;7;7
3308;42;42
3309;0;0
3310;4;4
3311;0;0
3312;0;0
3313;0;0
3314;0;0
3315;0;0
3316;408;412
3317;0;0
3318;1;1
3319;11;13
3320;152;144
3321;28;28
3322;56;54
3323;4;4
3324;13;13
3325;5;5
3326;7;7
3328;3;3
3329;5;5
3330;16;16
3331;2;2
3332;1;1
3333;4;4
3334;1;1
3335;0;0
3336;9;9
3337;8;8
3338;0;0
3339;137;132
3340;0;0
3341;51;51
3343;0;0
3344;0;0
3345;7;7
3346;5;5
3347;8;8
3348;3;3
3349;8;8
3350;0;0
3351;92;90
3352;0;0
3353;2;2
3354;0;0
3355;13;13
3356;4;4
3357;0;0
3358;3;3
3359;3;2
3360;0;0
3361;208;202
3362;1;1
3363;3;3
3364;535;534
3366;18;18
3368;147;147
3369;110;110
3370;338;336
3371;189;188
3372;107;107
3373;114;114
3374;234;233
3375;174;174
3376;187;187
3377;5;5
3378;84;84
3379;283;280
3380;21;20
3381;24;24
3382;273;272
3383;233;233
3384;86;86
3385;133;133
3386;252;254
3387;84;84
3388;165;165
3389;77;77
3390;188;188
3391;205;206
3392;56;56
3393;270;270
3394;137;137
3395;324;323
3396;5;5
3397;13;13
3398;6;6
3399;153;153
3400;128;129
3402;10;10
3404;142;143
3406;411;414
3407;0;0
3408;29;29
3409;1;1
3410;42;39
3411;2;2
3413;1;1
3414;2;2
3415;4;4
3416;0;0
3417;5;4
3418;0;0
3419;0;0
3420;6;7
3421;0;0
3422;0;0
3423;1;1
3424;0;0
3425;0;0
3426;3;3
3427;0;0
3428;3;3
3429;1;1
3430;1;1
3431;0;0
3432;0;0
3433;0;0
3434;0;0
3435;0;0
3436;0;0
3437;5;5
3438;0;0
3439;0;0
3440;0;0
3441;0;0
3442;5;5
3443;0;0
3444;0;0
3445;1;1
3446;1;1
3447;14;14
3448;212;212
3449;0;0
3450;0;0
3451;0;0
3452;0;0
3453;54;57
3454;34;35
3455;0;0
3456;42;42
3457;20;20
3458;82;77
3459;17;17
3460;3;3
3461;2;2
3462;251;257
3463;8;8
3464;0;0
3465;2;2
3466;0;0
3467;15;15
3468;0;0
3469;249;250
3470;0;0
3471;0;0
3472;12;12
3473;58;54
3474;0;0
3475;0;0
3476;0;0
3477;0;0
3478;0;0
3479;0;0
3480;0;0
3481;0;0
3482;0;0
3483;0;0
3484;492;498
3485;0;0
3486;81;80
3487;0;0
3488;75;75
3489;0;0
3490;0;0
3491;3;3
3492;20;20
3493;6;6
3494;253;252
3495;21;20
3496;0;0
3497;2;2
3498;5;5
3499;0;0
3500;0;0
3501;0;0
3502;39;36
3503;0;0
3504;5;4
3505;0;0
3506;0;0
3507;0;0
3508;0;0
3509;0;0
3510;0;0
3511;0;0
3512;0;0
3513;3;3
3514;20;21
3515;34;34
3516;0;0
3517;6;6
3518;0;0
3519;0;0
3520;196;192
3521;0;0
3522;0;0
3523;0;0
3524;10;10
3525;0;0
3527;1;1
3528;2;2
3530;0;0
3531;11;6
3532;0;0
3533;186;188
3534;0;0
3535;2;2
3536;141;137
3537;0;0
3538;0;0
3539;0;0
3541;0;0
3542;20;19
3543;3;3
3544;8;8
3545;1;1
3546;1;1
3547;0;0
3548;0;0
3549;0;0
3550;243;242
3551;0;0
3552;0;0
3553;0;0
3554;0;0
3555;0;0
3556;0;0
3557;0;0
3558;6;6
3559;24;23
3560;7;8
3561;17;17
3562;0;0
3563;0;0
3564;21;21
3565;0;0
3566;79;70
3567;0;0
3568;0;0
3569;0;0
3570;74;74
3571;7;6
3572;0;0
3573;0;0
3574;0;0
3575;0;0
3576;368;366
3577;201;202
3578;16;16
3579;0;0
3580;18;18
3581;0;0
3582;18;18
3583;0;0
3584;2;2
3585;69;69
3586;0;0
3587;0;0
3588;0;0
3589;23;23
3590;0;0
3591;1;1
3592;0;0
3593;0;0
3594;0;0
3595;0;0
3596;3;3
3597;1;1
3598;4;4
3599;29;28
3600;0;0
3601;0;0
3602;21;21
3603;0;0
3604;1;1
3605;0;0
3606;0;0
3607;0;0
3608;38;38
3609;8;8
3610;3;3
3611;36;38
3612;2;2
3613;23;23
3614;0;0
3615;25;24
3616;0;0
3617;31;31
3618;0;0
3619;0;0
3620;5;6
3621;68;68
3622;30;30
3623;0;0
3624;1;1
3625;0;0
3626;83;84
3627;32;32
3628;3;3
3629;0;0
3630;5;5
3631;0;0
3632;0;0
3633;9;9
3634;0;0
3635;0;0
3636;31;31
3637;0;0
3638;0;0
3639;0;0
3640;0;0
3641;27;28
3642;4;4
3643;0;0
3644;18;18
3645;216;217
3646;138;138
3647;0;0
3648;0;0
3649;0;0
3650;1;1
3651;0;0
3652;8;9
3653;8;8
3654;0;0
3655;0;0
3656;0;0
3657;0;0
3658;7;7
3659;2;2
3660;29;29
3661;6;6
3662;0;0
3663;0;0
3664;2;2
3665;1;1
3666;0;0
3667;0;0
3668;0;0
3669;0;0
3670;469;467
3671;5;5
3672;0;0
3673;83;84
3674;2;2
3675;3;3
3676;31;31
3677;0;0
3678;114;107
3679;0;0
3680;2;2
3681;3;3
3682;915;911
3683;0;0
3684;0;0
3685;28;28
3686;0;0
3687;20;20
3688;0;0
3689;2;2
3690;82;82
3691;4;4
3692;0;0
3693;22;23
3694;2;2
3695;0;0
3696;2;3
3697;158;158
3698;15;15
3699;0;0
3700;2;2
3701;1;1
3702;0;0
3704;2;2
3705;3;4
3706;0;0
3707;0;0
3708;2;2
3709;0;0
3710;1;1
3711;13;14
3712;46;45
3713;5;5
3714;196;190
3715;3;3
3716;0;0
3717;65;60
3718;2;2
3719;4;4
3720;113;117
3721;0;0
3722;44;44
3723;0;0
3724;1;1
3726;2;2
3727;0;0
3728;118;115
3729;29;28
3730;5;5
3731;119;119
3732;6;6
3733;0;0
3734;24;26
3735;0;0
3736;2;2
3737;0;0
3738;3;3
3739;3;3
3740;0;0
3742;0;0
3743;9;9
3744;5;5
3745;26;26
3746;0;0
3747;139;132
3748;60;60
3749;1;1
3750;0;0
3751;361;374
3752;289;287
3753;2;2
3754;2;2
3755;0;0
3756;0;0
3757;0;0
3758;0;0
3759;63;65
3760;0;0
3761;0;0
3762;0;0
3763;0;0
3764;7;7
3765;0;0
3766;0;0
3767;0;0
3768;0;0
3769;0;0
3770;2;2
3771;7;7
3772;0;0
3773;0;0
3774;59;59
3775;6;6
3776;0;0
3777;10;10
3778;0;0
3779;0;0
3780;0;0
3781;0;0
3782;9;9
3783;0;0
3784;6;6
3785;0;0
3786;0;0
3787;0;0
3788;0;0
3789;0;0
3790;1;1
3791;0;0
3792;0;0
3793;63;65
3794;7;7
3795;0;0
3796;2;2
3797;456;455
3798;0;0
3799;0;0
3800;0;0
3801;0;0
3802;0;0
3803;0;0
3804;6;6
3805;1;1
3806;34;35
3807;27;29
3808;22;22
3809;0;0
3810;0;0
3811;36;35
3812;0;0
3814;0;0
3815;0;0
3816;1;1
3817;55;53
3818;0;0
3819;13;14
3820;36;35
3821;0;0
3822;0;0
3823;0;0
3824;1;1
3825;51;52
3826;6;6
3827;0;0
3828;0;0
3829;10;9
3830;558;550
3831;0;0
3832;27;27
3833;0;0
3834;0;0
3835;0;0
3836;0;0
3837;0;0
3838;4;4
3839;26;25
3840;10;9
3841;0;0
3842;0;0
3843;1;1
3844;0;0
3845;13;13
3846;8;8
3848;3;3
3849;142;144
3850;0;0
3851;4;3
3852;6;6
3853;0;0
3854;5;5
3855;27;28
3856;3;3
3857;17;16
3858;218;212
3859;6;6
3860;3;3
3861;123;125
3862;2;18
3863;40;41
3864;31;29
3865;2;2
3866;0;0
3867;42;44
3868;0;0
3869;0;0
3870;0;0
3871;0;0
3872;3;3
3873;10;11
3874;0;0
3875;16;17
3876;301;299
3877;245;251
3878;237;238
3879;2;2
3880;7;7
3881;4;4
3882;0;0
3883;0;0
3884;0;0
3885;326;330
3886;1;1
3887;0;0
3888;0;0
3889;0;0
3890;4;4
3891;0;0
3892;0;0
3893;0;0
3894;3;3
3895;0;0
3896;21;21
3897;0;0
3898;29;29
3899;0;0
3900;0;0
3901;17;17
3903;27;27
3904;4;4
3905;7;7
3906;3;3
3907;0;0
3908;15;14
3909;0;0
3910;7;7
3911;3;3
3913;3;2
3914;4;4
3915;0;0
3916;10;11
3917;4;4
3919;36;36
3920;7;7
3921;0;0
3922;0;0
3923;0;0
3924;3;3
3927;1;1
3928;65;66
3929;8;8
3930;370;370
3931;48;47
3932;11;11
3933;2;2
3935;0;0
3936;2;2
3937;3;3
3938;2;2
3939;1;1
3940;100;101
3941;197;206
3942;84;85
3943;12;12
3944;2;2
3945;4;4
3946;6;6
3947;4;4
3948;10;10
3949;8;8
3950;5;5
3952;0;0
3953;101;101
3954;0;0
3955;0;0
3956;19;19
3957;0;0
3958;3;3
3959;58;58
3960;0;0
3962;0;0
3963;0;0
3964;44;44
3965;1;1
3966;0;0
3967;7;8
3968;1;0
3969;0;0
3971;6;6
3972;8;8
3973;34;35
3974;12;10
3975;7;7
3976;5;4
3977;23;21
3978;1;1
3979;1;2
3980;37;38
3982;0;0
3984;2;2
3985;0;0
3986;23;23
3987;2;2
3988;75;74
3989;30;31
3990;2;2
3991;0;0
3992;152;152
3994;3;3
3995;5;5
3996;0;0
3997;3;3
3998;259;262
3999;46;44
4000;4;4
4004;0;0
4005;0;0
4006;2;2
4007;12;12
4008;25;26
4009;13;13
4010;4;4
4011;20;20
4012;1;1
4013;2;2
4014;41;42
4015;13;13
4016;15;15
4017;20;20
4018;9;9
4019;42;41
4020;8;8
4021;12;12
4022;1;1
4023;5;5
4024;3;3
4025;1;1
4026;1;1
4027;2;2
4028;5;5
4029;323;324
4030;109;109
4031;0;0
4033;65;64
4034;29;29
4037;12;12
4038;9;9
4039;6;6
4040;5;5
4041;16;16
4042;2;2
4043;17;18
4044;3;3
4045;5;5
4046;15;15
4047;9;9
4048;4;4
4049;4;4
4050;4;4
4051;1;1
4052;2;2
4054;7;7
4056;6;6
4057;31;33
4058;2;2
4059;130;128
4060;0;0
4061;4;4
4062;2;2
4063;8;8
4064;2;2
4065;0;0
4066;0;0
4067;13;13
4069;15;15
4071;0;0
4072;15;15
4073;0;0
4074;25;23
4075;38;39
4076;3;3
4077;1;1
4078;81;84
4080;0;0
4081;1;1
4083;6;6
4084;0;0
4085;65;66
4086;1;1
4087;8;8
4088;1;1
4089;14;12
4090;14;14
4091;51;51
4092;15;13
4093;1;1
4094;0;0
4095;3;3
4096;0;0
4097;30;30
4098;1;1
4099;14;13
4100;4;4
4101;9;9
4102;0;0
4103;8;8
4104;0;0
4105;19;19
4106;2;2
4107;0;0
4108;135;135
4109;37;37
4110;10;10
4111;22;23
4112;22;22
4113;18;18
4114;1;1
4115;7;7
4116;7;7
4117;1;1
4119;23;17
4120;108;107
4121;0;0
4124;6;6
4125;0;1
4127;5;5
4128;5;5
4129;4;4
4130;14;14
4131;2;2
4132;1;1
4133;1;1
4135;1;1
4136;0;0
4137;0;0
4138;0;0
4139;0;0
4140;13;13
4141;6;6
4142;1;1
4143;1;1
4144;136;136
4146;0;0
4147;2;2
4148;9;9
4149;20;20
4151;0;0
4152;0;0
4153;5;5
4155;1;1
4156;1;1
4157;2;2
4158;2;2
4159;1;1
4160;1;1
4161;17;21
4162;18;18
4165;0;0
4166;20;20
4167;49;48
4169;2;2
4170;0;0
4171;0;0
4172;0;0
4173;0;0
4174;0;0
4175;0;0
4177;0;0
4178;0;0
4179;0;0
4180;0;0
4182;0;0
4183;1;1
4184;0;0
4185;0;0
4186;0;0
4187;0;0
4188;1;1
4189;6;6
4190;4;4
4191;3;4
4192;6;6
4193;2;2
4194;2;2
4195;2;2
4196;2;2
4197;6;6
4198;38;38
4199;3;3
4200;4;4
4201;4;4
4202;2;2
4203;4;4
4204;4;4
4206;49;48
4207;0;0
4208;0;0
4209;11;10
4213;0;0
4214;7;7
4215;2;2
4216;7;7
4217;1;2
4218;2;2
4219;1;1
4220;0;0
4221;0;0
4222;0;0
4223;0;0
4224;0;0
4225;0;0
4226;0;0
4227;0;0
4228;0;0
4229;0;0
4230;0;0
4231;0;0
4235;2;2
4236;0;0
4237;2;2
4238;2;2
4239;2;2
4242;5;5
4244;1;1
4247;7;7
4249;1;2
4250;1;1
4252;4;3
4253;0;0
4254;0;0
4255;3;3
4256;2;2
4257;0;0
4261;2;2
4262;0;0
4263;1;1
4265;4;4
4268;0;0
4270;0;0
4271;2;2
4272;0;0
4273;3;3
4274;18;18
4275;0;0
4276;4;4
4278;2;3
4280;0;0
4284;2;2
4285;6;15
4286;9;10
4287;1;1
4289;0;0
4290;0;0
4291;5;5
4292;14;14
4293;0;0
4295;0;0
4296;3;3
4297;5;5
4299;0;0
4300;1;1
4301;16;16
4302;35;36
4303;0;0
4304;8;8
4305;4;4
4306;1;1
4307;0;0
4308;7;7
4309;10;10
4312;4;4
4313;0;0
4314;2;2
4315;30;31
4316;0;0
4317;145;145
4318;5;5
4319;12;12
4320;8;8
4321;0;0
4322;7;7
4325;7;9
4326;3;2
4327;5;5
4328;7;7
4330;60;62
4331;65;63
4333;0;0
4335;1;1
4336;0;5
4338;1;1
4339;1;1
4340;0;0
4341;6;4
4342;0;0
4343;0;0
4344;2;2
4345;4;4
4347;0;0
4348;14;14
4349;1;1
4350;4;4
4351;0;0
4352;15;14
4353;3;3
4354;2;2
4355;13;13
4356;24;24
4357;10;10
4358;4;4
4359;11;11
4360;0;0
4362;9;9
4363;5;5
4364;15;15
4365;5;5
4367;21;21
4368;4;4
4369;2;2
4370;0;0
4371;4;4
4372;0;0
4373;1;1
4374;42;44
4375;7;7
4376;0;0
4377;3;3
4379;0;0
4380;64;67
4381;16;16
4382;0;0
4383;0;0
4384;3;3
4386;7;7
4387;0;0
4388;2;2
4390;0;0
5404;1;1
5405;0;0
5406;0;0
5407;2;1
5408;0;0
5409;3;3
5410;1;1
5411;4;4
5412;4;5
5413;0;0
5414;2;2
5415;1;1
5416;1;3
5417;2;2
5418;2;2
5419;4;4
5420;1;1
5421;4;4
5422;6;5
5423;5;5
5424;6;6
5425;5;4
5426;0;0
5427;0;0
5428;4;4
5429;1;1
5430;5;5
5431;3;3
5432;2;2
5433;3;3
5434;4;4
5435;13;12
5436;3;3
5437;1;1
5438;2;2
5439;2;2
5440;2;2
5441;0;0
5442;7;7
5443;2;2
5444;4;4
5445;3;2
5446;3;3
5447;3;3
5448;9;9
5449;2;2
5450;0;0
5452;0;0
5453;0;0
5456;0;0
5457;1;1
5458;0;0
5459;0;0
5460;0;0
5461;2;2
5462;0;0
5463;1;1
5464;1;1
5465;2;3
5466;3;2
5467;2;2
5468;4;4
5469;2;2
5470;1;1
5471;2;2
5472;4;4
5473;2;2
5474;2;2
5478;2;2
5479;2;3
5480;2;2
5481;3;3
5482;2;2
5483;0;0
5484;0;0
5485;3;3
5486;0;0
5487;6;6
5488;4;4
5489;3;2
5490;2;2
5491;3;3
5492;4;4
5493;0;0
5494;0;0
5495;5;5
5496;7;7
5497;2;2
5498;1;1
5499;2;2
5500;1;1
5501;2;2
5502;4;4
5503;4;4
5504;2;2
5505;0;0
5506;2;2
5507;6;6
5508;3;3
5509;1;1
5510;2;2
5511;1;1
5512;1;1
5513;0;0
5514;3;3
5515;3;3
5516;2;2
5517;0;0
5518;0;0
5519;0;0
5520;3;4
5521;5;2
5522;1;1
5523;1;1
5524;5;5
5525;0;0
5526;1;1
5527;7;9
5528;0;0
5529;3;3
5530;0;0
5531;4;5
5532;1;2
5533;2;2
5534;5;6
5535;2;2
5536;0;0
5537;0;0
5538;1;2
5539;2;2
5540;0;0
5541;0;0
5542;0;0
5543;2;2
5544;4;4
5545;1;1
5546;2;2
5547;2;3
5548;3;3
5549;0;0
5550;2;2
5551;0;0
5552;4;4
5553;1;1
5554;1;1
5555;1;1
5556;4;4
5557;5;5
5558;0;0
5559;0;0
5560;0;0
5561;0;0
5562;8;8
5563;1;1
5564;1;2
5565;0;0
5566;4;2
5567;3;3
5568;2;2
5569;2;3
5570;0;0
5571;2;2
5572;0;0
5573;0;0
5574;1;1
5575;1;1
5577;2;2
5578;0;0
5579;0;0
5580;3;3
5581;3;3
5582;4;5
5583;3;3
5584;2;2
5585;2;2
5586;4;4
5587;3;3
5588;2;3
5589;3;3
5590;0;0
5591;3;3
5592;0;0
5593;3;3
5594;2;2
5595;2;2
5596;2;2
5597;3;3
5598;0;0
5599;2;2
5602;0;0
5603;0;0
5604;4;4
5605;0;0
5606;0;0
5607;0;0
5608;0;0
5609;0;0
5610;0;0
5611;0;0
5612;1;1
5613;2;2
5614;0;0
5615;0;0
5616;0;0
5617;0;0
5618;0;0
5619;0;0
5620;0;0
5621;0;0
5622;0;0
5623;0;0
5624;0;0
5625;0;0
5626;0;0
5627;0;0
5628;0;0
5629;0;0
5630;2;2
5631;0;0
5632;6;6
5633;1;1
5634;0;0
5635;0;0
5636;0;0
5637;1;1
5639;0;0
5640;0;0
5641;1;1
5642;1;1
5643;1;1
5644;0;0
5645;3;3
5646;0;0
5647;0;0
5648;0;0
5649;0;0
5650;0;0
5651;0;0
5652;2;2
5653;1;0
5654;0;0
5659;1;1
5662;0;0
5663;0;0
5664;0;0
5665;7;7
5669;0;0
5670;3;3
5671;3;3
5672;4;4
5673;18;18
5674;17;17
5675;1;1
5676;0;0
5677;0;0
5678;0;0
5679;0;0
5680;1;1
5681;0;0
5682;0;0
5683;0;0
5684;0;0
5685;0;0
5686;4;4
5687;10;14
5688;4;4
5689;0;0
5690;0;0
5691;6;6
5692;2;1
5693;1;1
5694;5;5
5695;4;4
5696;2;2
5697;4;5
5698;0;0
5699;3;3
5700;0;0
5701;2;2
5702;5;5
5703;1;1
5704;0;0
5705;0;0
5706;0;0
5707;0;0
5708;0;0
5709;1;1
5710;0;0
5711;2;2
5714;1;1
5715;4;4
5716;1;1
5717;0;0
5718;2;2
5719;1;1
5720;2;2
5721;3;3
5722;2;2
5723;1;1
5724;2;1
5725;3;3
5726;2;2
5727;2;2
5728;1;1
5729;1;1
5730;3;2
5731;1;1
5732;1;1
5733;6;4
5734;2;2
5735;1;1
5736;1;1
5737;3;2
5738;8;8
5739;1;1
5740;4;4
5741;2;2
5742;5;5
5743;0;0
5744;1;1
5745;0;0
5746;1;1
5747;3;3
5748;1;1
5749;2;2
5750;2;2
5751;1;1
5752;0;0
5753;2;2
5754;1;1
5755;0;0
5756;1;1
5757;2;2
5758;2;2
5759;1;1
5760;1;1
5761;8;8
5762;1;1
5763;1;1
5764;0;0
5765;2;2
5